Egypt7	Egyptian	0.084080 0.000010 0.006905 0.000010 0.000010 0.744843 0.008277 0.155865
Egypt9AQ172	Egyptian	0.073244 0.018914 0.000010 0.000010 0.000010 0.734919 0.002967 0.169926
Egypt9	Egyptian	0.120606 0.000010 0.000010 0.000010 0.004201 0.734417 0.000010 0.140736
Egypt15AQ172	Egyptian	0.073327 0.016293 0.000010 0.000010 0.000010 0.732028 0.009263 0.169060
Egypt3AQ172	Egyptian	0.099490 0.019074 0.002919 0.000010 0.000010 0.730728 0.000010 0.147760
Egypt12	Egyptian	0.071496 0.000010 0.000010 0.000010 0.008139 0.729095 0.024026 0.167213
Egypt12AQ172	Egyptian	0.095346 0.005975 0.000016 0.000010 0.000010 0.726010 0.007853 0.164780
Egypt7AQ172	Egyptian	0.112662 0.000010 0.000010 0.000010 0.000010 0.724836 0.010805 0.151657
Egypt17AQ176	Egyptian	0.073847 0.011801 0.000010 0.000010 0.000010 0.723826 0.022376 0.168119
Egypt10	Egyptian	0.088767 0.003958 0.000010 0.000010 0.000010 0.721284 0.000010 0.185951
Egypt3	Egyptian	0.079706 0.000010 0.000010 0.000010 0.001252 0.718235 0.018577 0.182200
Egypt22TD21	Egyptian	0.110369 0.006565 0.000010 0.000010 0.000010 0.710098 0.003668 0.169271
Egypt1AQ172	Egyptian	0.112568 0.001534 0.000010 0.000010 0.000010 0.708034 0.008045 0.169789
Egypt11	Egyptian	0.089465 0.000010 0.006140 0.007104 0.000010 0.704320 0.000010 0.192941
Egypt5AQ172	Egyptian	0.118911 0.006030 0.000010 0.000010 0.000010 0.703060 0.020700 0.151269
Egypt9AQ177	Egyptian	0.070922 0.013902 0.000010 0.000010 0.000010 0.702455 0.018546 0.194145
Egypt8AT113	Egyptian	0.112768 0.000010 0.000010 0.000010 0.000010 0.695954 0.003690 0.187548
Egypt1	Egyptian	0.096549 0.008782 0.000010 0.000010 0.000073 0.677547 0.004040 0.212989
MoroccanJew4692	Moroccan_Jew	0.076761 0.000010 0.000010 0.000010 0.000010 0.853054 0.020744 0.049401
MoroccanJew4683	Moroccan_Jew	0.099587 0.001267 0.000010 0.000010 0.000010 0.850559 0.000010 0.048546
MoroccanJew5126	Moroccan_Jew	0.091771 0.003942 0.000010 0.000010 0.000010 0.844418 0.006131 0.053709
MoroccanJew4789	Moroccan_Jew	0.079286 0.000010 0.000010 0.000010 0.000010 0.842999 0.024962 0.052713
MoroccanJew4634	Moroccan_Jew	0.102568 0.003382 0.000010 0.000010 0.003969 0.825829 0.013120 0.051111
MoroccanJew5168	Moroccan_Jew	0.104500 0.000010 0.004745 0.003844 0.000010 0.824234 0.006049 0.056607
Tunisian20C4	Tunisian	0.000010 0.021689 0.000010 0.000010 0.000010 0.743313 0.016818 0.218140
Tunisian20C1	Tunisian	0.031145 0.000596 0.000010 0.000010 0.000010 0.733849 0.014944 0.219436
Tunisian20B4	Tunisian	0.051133 0.000010 0.000010 0.000010 0.000010 0.720598 0.030679 0.197549
Tunisian20F4	Tunisian	0.019589 0.003206 0.000010 0.000010 0.005145 0.719437 0.033365 0.219237
Tunisian20A5	Tunisian	0.016272 0.009233 0.000010 0.000010 0.000010 0.714767 0.016923 0.242775
Tunisian200000	Tunisian	0.038535 0.000010 0.000010 0.000010 0.001762 0.712099 0.025129 0.222446
Tunisian20D4	Tunisian	0.018839 0.007470 0.005048 0.006242 0.000010 0.692001 0.014505 0.255886
Tunisian20D1	Tunisian	0.031402 0.010808 0.000010 0.000010 0.000010 0.689197 0.031206 0.237358
TunisianJew1531	Tunisian_Jew	0.083332 0.000555 0.000010 0.000010 0.000010 0.865013 0.000010 0.051060
TunisianJew1763	Tunisian_Jew	0.072770 0.009817 0.000010 0.000010 0.000010 0.862154 0.001143 0.054086
TunisianJew1421	Tunisian_Jew	0.068407 0.004547 0.007008 0.000010 0.000010 0.858314 0.000010 0.061694
TunisianJew1544	Tunisian_Jew	0.078270 0.011673 0.000010 0.009188 0.000010 0.844606 0.007389 0.048855
TunisianJew1170	Tunisian_Jew	0.101657 0.006103 0.000010 0.000010 0.002421 0.843121 0.006433 0.040243
TunisianJew1511	Tunisian_Jew	0.106650 0.000010 0.000010 0.002446 0.000010 0.824778 0.007767 0.058329
TunisianJew1507	Tunisian_Jew	0.113109 0.007658 0.000010 0.000010 0.000010 0.815821 0.001377 0.062004
LibyanJew1611	Libyan_Jew	0.081301 0.010283 0.005790 0.000010 0.000010 0.844091 0.003646 0.054868
LibyanJew1601	Libyan_Jew	0.092568 0.011942 0.000010 0.000010 0.000010 0.833348 0.006159 0.055953
LibyanJew1605	Libyan_Jew	0.081392 0.011716 0.004745 0.000010 0.000149 0.832871 0.000010 0.069106
LibyanJew1659	Libyan_Jew	0.090658 0.003404 0.000010 0.000010 0.006169 0.830919 0.007073 0.061756
LibyanJew1639	Libyan_Jew	0.105920 0.000010 0.000010 0.000010 0.000010 0.828970 0.011731 0.053339
LibyanJew1462	Libyan_Jew	0.113191 0.000010 0.003975 0.000010 0.000010 0.826765 0.000010 0.056029
LibyanJew1263	Libyan_Jew	0.106375 0.000010 0.002900 0.000010 0.000010 0.820354 0.000010 0.070331
LibyanJew1438	Libyan_Jew	0.114120 0.005577 0.000010 0.000010 0.002648 0.815410 0.002951 0.059273
LibyanJew1104	Libyan_Jew	0.129344 0.008060 0.000010 0.000010 0.000010 0.811691 0.008899 0.041976
HGDP01263	Mozabite	0.000010 0.006901 0.000010 0.000010 0.000010 0.767330 0.026992 0.198737
HGDP01258	Mozabite	0.000010 0.004658 0.000174 0.000651 0.000010 0.750618 0.003712 0.240167
HGDP01255	Mozabite	0.000013 0.013357 0.000837 0.000010 0.000010 0.744913 0.011900 0.228960
HGDP01282	Mozabite	0.000010 0.014219 0.000010 0.000010 0.000010 0.741672 0.011559 0.232510
HGDP01275	Mozabite	0.000010 0.001110 0.000010 0.000010 0.000010 0.738953 0.018587 0.241311
HGDP01278	Mozabite	0.000010 0.001143 0.000010 0.000010 0.000010 0.738046 0.020413 0.240357
HGDP01253	Mozabite	0.000010 0.000010 0.000010 0.000010 0.000010 0.737946 0.004976 0.257028
HGDP01280	Mozabite	0.000010 0.007352 0.000010 0.006315 0.000010 0.737831 0.000010 0.248463
HGDP01265	Mozabite	0.000010 0.014903 0.000010 0.000010 0.000010 0.736834 0.000010 0.248213
HGDP01264	Mozabite	0.011040 0.001992 0.000010 0.000010 0.000010 0.731040 0.018605 0.237292
HGDP01254	Mozabite	0.000010 0.015729 0.000010 0.000010 0.000010 0.728121 0.025955 0.230156
HGDP01272	Mozabite	0.000010 0.000010 0.000010 0.000010 0.000010 0.727776 0.029164 0.243010
HGDP01262	Mozabite	0.000010 0.014326 0.000010 0.000010 0.000010 0.725248 0.011350 0.249036
HGDP01277	Mozabite	0.000010 0.000010 0.000010 0.000010 0.000010 0.722743 0.029763 0.247444
HGDP01256	Mozabite	0.000010 0.000972 0.000010 0.000010 0.000010 0.721913 0.013523 0.263553
HGDP01268	Mozabite	0.000010 0.018482 0.000010 0.000010 0.000010 0.720998 0.007258 0.253221
HGDP01279	Mozabite	0.000010 0.013712 0.000010 0.000010 0.000010 0.720779 0.013859 0.251610
HGDP01276	Mozabite	0.000010 0.004851 0.001275 0.000010 0.000010 0.711611 0.014265 0.267967
HGDP01257	Mozabite	0.000010 0.000010 0.000010 0.000010 0.000010 0.705840 0.001659 0.292451
HGDP01259	Mozabite	0.000010 0.022954 0.000010 0.000010 0.000010 0.689982 0.012577 0.274448
HGDP01274	Mozabite	0.000010 0.006465 0.000010 0.023510 0.000010 0.664106 0.000010 0.305879
Algerian43A34	Algerian	0.000010 0.004218 0.000010 0.000010 0.000010 0.766573 0.021509 0.207660
Algerian43A13	Algerian	0.001382 0.001045 0.005626 0.004907 0.000010 0.727861 0.013236 0.245933
Algerian43A24	Algerian	0.000010 0.001603 0.000850 0.000010 0.000010 0.716051 0.025550 0.255915
Algerian43A21	Algerian	0.005912 0.019014 0.000010 0.000010 0.000290 0.712978 0.018982 0.242803
Algerian43A23	Algerian	0.000010 0.019632 0.008294 0.000010 0.000010 0.704085 0.023531 0.244428
Algerian43A32	Algerian	0.000010 0.000010 0.000010 0.000010 0.000010 0.692188 0.056134 0.251628
Algerian43A22	Algerian	0.000010 0.000010 0.000010 0.000010 0.000010 0.691871 0.050058 0.258021
SAH9	Saharawi	0.000010 0.013129 0.000010 0.000010 0.000010 0.708619 0.005098 0.273114
SAH18	Saharawi	0.000010 0.019005 0.000010 0.000010 0.000010 0.704661 0.001144 0.275150
SAH21	Saharawi	0.000010 0.008837 0.000010 0.000010 0.000010 0.702179 0.011876 0.277068
SAH24	Saharawi	0.000010 0.003924 0.000010 0.000010 0.000010 0.694876 0.025481 0.275680
SAH34	Saharawi	0.000010 0.000010 0.000010 0.002032 0.000010 0.685717 0.006941 0.305270
SAH27	Saharawi	0.000010 0.000010 0.000010 0.000010 0.000010 0.684082 0.014082 0.301785
EthiopianJew1818	Ethiopian_Jew	0.036759 0.025456 0.000010 0.000010 0.021788 0.480396 0.000010 0.435572
EthiopianJew1831	Ethiopian_Jew	0.036109 0.013571 0.000010 0.000010 0.010478 0.476686 0.002953 0.460183
EthiopianJew1574	Ethiopian_Jew	0.033839 0.000010 0.000010 0.000010 0.020377 0.474908 0.014950 0.455897
EthiopianJew1822	Ethiopian_Jew	0.054987 0.009885 0.000010 0.000010 0.024230 0.468697 0.015026 0.427155
EthiopianJew1570	Ethiopian_Jew	0.027275 0.000010 0.000010 0.000010 0.027082 0.467936 0.030295 0.447384
EthiopianJew4690	Ethiopian_Jew	0.051869 0.007719 0.000010 0.000010 0.025207 0.456505 0.015381 0.443299
EthiopianJew1804	Ethiopian_Jew	0.050543 0.020588 0.000010 0.000010 0.032852 0.454433 0.000010 0.441555
ADR20107	Oromo	0.022363 0.011848 0.000010 0.000010 0.054988 0.349807 0.007228 0.553746
ADR20109	Oromo	0.026501 0.008651 0.000010 0.000010 0.062677 0.353432 0.018754 0.529966
ADR20112	Oromo	0.051684 0.000010 0.000010 0.000010 0.057829 0.353415 0.012504 0.524538
ADR20106	Oromo	0.050731 0.016063 0.000010 0.000010 0.039564 0.372757 0.007578 0.513287
Ayodo_41S	Somali	0.023986 0.018227 0.000010 0.000010 0.019743 0.338711 0.012122 0.587190
Ayodo_5S	Somali	0.014464 0.008597 0.000010 0.000010 0.025788 0.368252 0.007383 0.575497
Ayodo_35S	Somali	0.018448 0.007884 0.000010 0.000010 0.027881 0.364950 0.015085 0.565732
Ayodo_40S	Somali	0.016862 0.002457 0.000010 0.000010 0.013677 0.375050 0.027144 0.564791
Ayodo_21S	Somali	0.013742 0.016666 0.000010 0.000010 0.033004 0.355782 0.018827 0.561959
Ayodo_81S	Somali	0.015908 0.019114 0.000010 0.006317 0.016561 0.383259 0.000010 0.558820
Ayodo_69S	Somali	0.019244 0.017689 0.000010 0.000010 0.036640 0.359318 0.012429 0.554660
Ayodo_23S	Somali	0.043483 0.012642 0.000010 0.000010 0.020952 0.369264 0.004259 0.549381
Ayodo_52S	Somali	0.033501 0.000010 0.000010 0.000010 0.033915 0.368694 0.016028 0.547831
Ayodo_90S	Somali	0.037630 0.003767 0.000010 0.000010 0.023684 0.375733 0.014291 0.544874
Ayodo_34S	Somali	0.036594 0.023759 0.000010 0.000010 0.024030 0.370876 0.000010 0.544712
Ayodo_61S	Somali	0.010707 0.005736 0.000010 0.000010 0.049109 0.384227 0.016019 0.534182
Ayodo_43S	Somali	0.020120 0.012311 0.000010 0.000010 0.029346 0.402908 0.020089 0.515206
GOR063	Datog	0.014628 0.002731 0.000010 0.000010 0.057724 0.272119 0.023152 0.629625
GOR067	Datog	0.039542 0.004826 0.000010 0.000010 0.070191 0.264939 0.000010 0.620472
GOR049	Datog	0.001564 0.015302 0.003897 0.000010 0.069172 0.278340 0.023787 0.607928
NA21487	Masai	0.043146 0.003520 0.000010 0.000010 0.035570 0.181658 0.008177 0.727910
NA21490	Masai	0.035647 0.010270 0.000010 0.000010 0.046512 0.185417 0.002890 0.719244
Ayodo_103M	Masai	0.016889 0.002836 0.000010 0.000010 0.058485 0.183766 0.020045 0.717960
Ayodo_101M	Masai	0.036509 0.018175 0.000010 0.000010 0.058559 0.181686 0.000192 0.704859
NA21477	Masai	0.023187 0.000010 0.000010 0.000010 0.051238 0.201871 0.018842 0.704830
NA21648	Masai	0.033409 0.002808 0.000010 0.008558 0.057251 0.198417 0.003315 0.696231
NA21581	Masai	0.026004 0.009049 0.000010 0.006596 0.054331 0.210120 0.000010 0.693879
NA21310	Masai	0.012888 0.013224 0.010932 0.000010 0.046457 0.210109 0.014326 0.692053
NA21366	Masai	0.041756 0.012359 0.000010 0.000010 0.058271 0.204983 0.016796 0.665815
NA21425	Masai	0.011158 0.013256 0.000010 0.000010 0.057540 0.244964 0.009775 0.663287
NA21514	Masai	0.045527 0.015588 0.000010 0.000010 0.053755 0.234197 0.001523 0.649389
NA21302	Masai	0.031091 0.003448 0.008410 0.000010 0.065915 0.243312 0.004091 0.643722
Ayodo_47K	Kikuyu	0.013512 0.006724 0.000010 0.005060 0.055785 0.126687 0.000553 0.791669
Ayodo_67K	Kikuyu	0.016373 0.001975 0.000010 0.000010 0.063317 0.124221 0.008644 0.785449
Ayodo_83K	Kikuyu	0.002853 0.013153 0.000010 0.000010 0.041573 0.168447 0.000010 0.773944
Ayodo_61K	Kikuyu	0.000010 0.000010 0.000010 0.004413 0.054532 0.163994 0.010142 0.766889
Sandawe021	Sandawe	0.009836 0.000010 0.000010 0.000010 0.100446 0.141607 0.012195 0.735886
Sandawe023	Sandawe	0.022238 0.005032 0.000010 0.009742 0.119236 0.160601 0.002427 0.680713
Sandawe001	Sandawe	0.012045 0.008189 0.003025 0.000010 0.130986 0.155011 0.011089 0.679645
Sandawe024	Sandawe	0.002128 0.010502 0.000010 0.000010 0.117965 0.174474 0.018280 0.676632
Sandawe019	Sandawe	0.012257 0.016292 0.000010 0.000010 0.121539 0.176351 0.006236 0.667305
Sandawe013	Sandawe	0.000010 0.007210 0.000010 0.000010 0.126722 0.183581 0.015910 0.666547
Sandawe007	Sandawe	0.018325 0.016062 0.008541 0.000010 0.126669 0.166277 0.000010 0.664106
Sandawe022	Sandawe	0.025191 0.013490 0.000010 0.010075 0.130388 0.152384 0.005948 0.662514
Sandawe012	Sandawe	0.022165 0.009833 0.000010 0.000010 0.132197 0.163157 0.018622 0.654005
Sandawe002	Sandawe	0.006779 0.009971 0.003272 0.000390 0.167973 0.155935 0.003894 0.651786
Sandawe005	Sandawe	0.014438 0.004216 0.000010 0.000010 0.153057 0.156737 0.026462 0.645070
Sandawe009	Sandawe	0.010511 0.000319 0.000010 0.000495 0.152121 0.186121 0.005922 0.644502
Sandawe016	Sandawe	0.024273 0.007018 0.000932 0.000010 0.144571 0.176672 0.002674 0.643851
Sandawe003	Sandawe	0.025578 0.000010 0.000010 0.000010 0.154895 0.166877 0.012112 0.640508
Sandawe027	Sandawe	0.010472 0.011364 0.000010 0.000010 0.167100 0.174456 0.002100 0.634488
Sandawe018	Sandawe	0.022505 0.025856 0.000010 0.000010 0.160819 0.152818 0.003690 0.634293
Sandawe020	Sandawe	0.000010 0.001056 0.000141 0.000010 0.157332 0.183201 0.028181 0.630069
Sandawe014	Sandawe	0.007822 0.014935 0.000723 0.000010 0.152387 0.189693 0.004638 0.629793
Sandawe025	Sandawe	0.028065 0.006384 0.000010 0.008609 0.153582 0.174993 0.000010 0.628347
Sandawe011	Sandawe	0.000010 0.017759 0.000011 0.002180 0.171926 0.185027 0.000010 0.623077
Sandawe008	Sandawe	0.023495 0.004674 0.000010 0.000010 0.162213 0.172377 0.016887 0.620333
Sandawe006	Sandawe	0.035960 0.005101 0.000010 0.000010 0.168246 0.175447 0.004206 0.611019
AD_511	AA	0.000010 0.000010 0.000010 0.000010 0.000010 0.099749 0.000010 0.900191
AD_505	AA	0.003096 0.000010 0.003731 0.006136 0.008220 0.082051 0.000010 0.896746
AD_510	AA	0.000010 0.000010 0.017768 0.000010 0.000010 0.100690 0.000010 0.881491
AD_006	AA	0.012942 0.000010 0.008352 0.011820 0.029267 0.074278 0.000010 0.863321
AD_015	AA	0.003439 0.008056 0.010713 0.001891 0.032713 0.086782 0.000010 0.856396
AD_064	AA	0.000941 0.005249 0.008103 0.012226 0.026120 0.099968 0.000010 0.847383
AD_500	AA	0.011301 0.006665 0.039984 0.001152 0.033245 0.062293 0.000010 0.845350
AD_061	AA	0.015006 0.000010 0.020866 0.002235 0.021814 0.118477 0.000010 0.821581
AD_066	AA	0.008397 0.011716 0.000010 0.000010 0.021274 0.149155 0.000010 0.809428
AD_076	AA	0.000010 0.000010 0.018633 0.000010 0.019392 0.161199 0.007580 0.793165
AD_523	AA	0.003561 0.008555 0.019844 0.000010 0.041071 0.155650 0.000010 0.771299
AD_512	AA	0.026652 0.012511 0.022078 0.036777 0.012125 0.480839 0.000010 0.409009
NA19017	Luhya	0.000010 0.003965 0.004121 0.000010 0.044533 0.012658 0.000346 0.934356
NA19023	Luhya	0.000010 0.000168 0.007043 0.000010 0.049207 0.012859 0.000010 0.930694
NA19026	Luhya	0.007815 0.000010 0.000010 0.000010 0.033468 0.032882 0.000010 0.925796
NA19019	Luhya	0.000010 0.013418 0.000917 0.000010 0.050042 0.016489 0.002369 0.916744
NA19024	Luhya	0.000010 0.000010 0.002691 0.000010 0.058215 0.023010 0.000010 0.916043
NA19044	Luhya	0.000010 0.006060 0.000010 0.000010 0.055019 0.031324 0.000010 0.907557
NA19020	Luhya	0.016017 0.000010 0.000010 0.001029 0.045102 0.035439 0.000010 0.902383
NA19027	Luhya	0.009338 0.000010 0.000010 0.004640 0.065701 0.050108 0.000010 0.870183
Ayodo_502C	Luo	0.011843 0.002631 0.000010 0.000010 0.033263 0.017203 0.000010 0.935030
Ayodo_458C	Luo	0.009618 0.000010 0.001804 0.000010 0.038668 0.017641 0.000010 0.932239
Ayodo_438C	Luo	0.014032 0.000010 0.000010 0.000010 0.046800 0.014164 0.000010 0.924964
Ayodo_604C	Luo	0.003499 0.000016 0.000368 0.000010 0.048802 0.025351 0.000010 0.921944
Ayodo_430C	Luo	0.009439 0.005804 0.001627 0.000010 0.044919 0.005898 0.011999 0.920303
Ayodo_412C	Luo	0.019739 0.003899 0.000010 0.000010 0.055622 0.003601 0.000010 0.917108
Ayodo_460C	Luo	0.011783 0.000010 0.011168 0.001794 0.049093 0.012241 0.000010 0.913901
Ayodo_423C	Luo	0.003288 0.000010 0.006419 0.000824 0.061402 0.021467 0.000010 0.906581
HGDP01405	BantuKenya	0.007266 0.000010 0.005805 0.000010 0.032152 0.012234 0.000010 0.942513
HGDP01418	BantuKenya	0.000599 0.000010 0.006474 0.000010 0.036870 0.013234 0.009677 0.933126
HGDP01414	BantuKenya	0.000010 0.001147 0.000010 0.002570 0.040865 0.011256 0.013343 0.930798
HGDP01417	BantuKenya	0.000010 0.000010 0.000010 0.000010 0.036320 0.033946 0.000010 0.929685
HGDP01419	BantuKenya	0.000010 0.000010 0.000010 0.000010 0.052114 0.024578 0.000010 0.923259
HGDP01408	BantuKenya	0.021246 0.000010 0.000144 0.000010 0.039210 0.019429 0.000010 0.919942
DNK05	Dinka	0.028961 0.012518 0.004623 0.000010 0.022852 0.006883 0.003950 0.920202
DNK03	Dinka	0.020326 0.009549 0.000010 0.000010 0.024335 0.009568 0.017555 0.918647
DNK09	Dinka	0.024060 0.000010 0.004119 0.000035 0.015304 0.025913 0.014611 0.915948
DNK15	Dinka	0.037062 0.000010 0.004559 0.000010 0.031298 0.011383 0.001223 0.914454
DNK06	Dinka	0.025563 0.009104 0.007129 0.000010 0.024590 0.022739 0.000010 0.910856
DNK07	Dinka	0.036427 0.013195 0.000010 0.000010 0.036870 0.008087 0.000010 0.905390
DNK11	Dinka	0.029465 0.004724 0.000010 0.006822 0.040217 0.017738 0.000984 0.900040
HG02464	Gambian	0.000010 0.000010 0.000010 0.000010 0.012633 0.000010 0.000010 0.987307
HG02570	Gambian	0.006729 0.001252 0.002064 0.000010 0.011598 0.000010 0.000010 0.978328
HG02465	Gambian	0.002650 0.004043 0.000010 0.000010 0.019129 0.000602 0.000010 0.973546
HG02571	Gambian	0.000010 0.000010 0.000010 0.000010 0.010819 0.014510 0.007488 0.967143
HG02573	Gambian	0.005003 0.002969 0.000010 0.000010 0.020383 0.016074 0.000010 0.955541
HG02574	Gambian	0.000010 0.000034 0.000010 0.000010 0.010045 0.048525 0.000010 0.941356
HGDP01028	BantuSA	0.005535 0.000010 0.000010 0.006875 0.075362 0.000423 0.000010 0.911775
HGDP01031	BantuSA	0.003889 0.004444 0.002973 0.000010 0.077217 0.000010 0.003529 0.907928
HGDP01035	BantuSA	0.000010 0.000010 0.000010 0.000010 0.093673 0.000010 0.000010 0.906267
HGDP01033	BantuSA	0.001530 0.000010 0.000010 0.002173 0.171887 0.000010 0.000010 0.824369
HGDP01034	BantuSA	0.000010 0.000010 0.000010 0.002862 0.212092 0.004831 0.000010 0.780175
HGDP00994	BantuSA	0.000010 0.000010 0.000010 0.000010 0.236087 0.000010 0.000010 0.763853
HGDP00993	BantuSA	0.004532 0.000010 0.000010 0.000010 0.250566 0.000010 0.000010 0.744852
HGDP01030	BantuSA	0.000010 0.000010 0.000010 0.000010 0.332296 0.000010 0.000010 0.667644
HG03057	Mende	0.000010 0.003720 0.000019 0.000010 0.028807 0.000010 0.000010 0.967414
HG03085	Mende	0.000010 0.000249 0.000010 0.000010 0.035478 0.000010 0.000010 0.964222
HG03097	Mende	0.000010 0.000010 0.000010 0.000010 0.035974 0.000010 0.000010 0.963966
HG03076	Mende	0.003548 0.000010 0.000010 0.000010 0.039529 0.000010 0.000010 0.956873
HG03052	Mende	0.000010 0.000010 0.000010 0.000010 0.055472 0.000892 0.000010 0.943586
HG03069	Mende	0.000010 0.000081 0.000010 0.005816 0.054963 0.000010 0.000010 0.939100
HG03072	Mende	0.014079 0.001521 0.000010 0.000010 0.046163 0.000010 0.000010 0.938197
HG03078	Mende	0.000010 0.003647 0.000492 0.000010 0.056481 0.000010 0.002993 0.936357
HGDP00912	Mandenka	0.008844 0.000010 0.000010 0.000010 0.000010 0.007205 0.000010 0.983901
HGDP00913	Mandenka	0.000010 0.000010 0.000010 0.000469 0.006758 0.009348 0.000010 0.983385
HGDP00904	Mandenka	0.000010 0.000010 0.006715 0.000010 0.000575 0.002716 0.008565 0.981399
HGDP00907	Mandenka	0.008002 0.001821 0.003914 0.000010 0.000010 0.007422 0.000010 0.978811
HGDP01283	Mandenka	0.000010 0.000010 0.001047 0.000010 0.000010 0.020278 0.000010 0.978625
HGDP01202	Mandenka	0.000010 0.000010 0.000010 0.000010 0.005552 0.012594 0.005651 0.976164
HGDP00909	Mandenka	0.000014 0.000010 0.000010 0.000010 0.007359 0.016575 0.000010 0.976012
HGDP01199	Mandenka	0.000010 0.000013 0.000010 0.000010 0.007264 0.013315 0.005142 0.974237
HGDP01286	Mandenka	0.000010 0.008453 0.000010 0.000010 0.006448 0.011415 0.000010 0.973644
HGDP00908	Mandenka	0.001522 0.000010 0.005556 0.000010 0.007403 0.012214 0.000010 0.973276
HGDP00915	Mandenka	0.007624 0.000010 0.001092 0.001061 0.000010 0.017492 0.000010 0.972700
HGDP00917	Mandenka	0.000010 0.000010 0.001885 0.000010 0.000010 0.020920 0.005564 0.971591
HGDP01284	Mandenka	0.005546 0.000010 0.000010 0.001817 0.017306 0.006821 0.000501 0.967989
HGDP00905	Mandenka	0.009816 0.008222 0.000010 0.000010 0.007396 0.007758 0.000010 0.966778
HGDP01200	Mandenka	0.000010 0.000010 0.002332 0.001560 0.011394 0.020980 0.000010 0.963703
HGDP00910	Mandenka	0.005038 0.000010 0.000010 0.000010 0.015210 0.016115 0.000363 0.963244
HGDP00906	Mandenka	0.000860 0.000010 0.000371 0.000010 0.020401 0.023688 0.000010 0.954649
NAM088	Wambo	0.000010 0.000010 0.000010 0.000010 0.034938 0.000010 0.000010 0.965002
NAM453	Wambo	0.000010 0.000010 0.000010 0.000010 0.045765 0.000010 0.000010 0.954175
NAM331	Wambo	0.000010 0.000010 0.000010 0.000571 0.049699 0.000010 0.000010 0.949681
NAM436	Wambo	0.000010 0.000010 0.000010 0.000010 0.055050 0.000010 0.000010 0.944890
NAM434	Wambo	0.000010 0.000010 0.000010 0.000010 0.065599 0.000010 0.000010 0.934341
HG02923	Esan	0.000010 0.000010 0.000010 0.000010 0.000010 0.000010 0.000010 0.999930
HG03100	Esan	0.000010 0.000010 0.000010 0.000010 0.000438 0.000010 0.000010 0.999502
HG03108	Esan	0.000010 0.000010 0.000010 0.000010 0.004928 0.000010 0.000010 0.995012
HG03099	Esan	0.000010 0.000010 0.000010 0.000010 0.007312 0.000010 0.000010 0.992628
HG02974	Esan	0.000010 0.002263 0.000010 0.000010 0.006730 0.000010 0.000010 0.990957
HG02922	Esan	0.000010 0.000010 0.000010 0.000010 0.014690 0.000010 0.000010 0.985250
HG02943	Esan	0.000010 0.002858 0.000010 0.000010 0.013163 0.000010 0.000010 0.983929
HG03109	Esan	0.000010 0.000010 0.000010 0.000010 0.019153 0.000010 0.000010 0.980787
HGDP00925	Yoruba	0.000010 0.000010 0.000010 0.000010 0.000010 0.000010 0.000010 0.999930
HGDP00935	Yoruba	0.000010 0.000010 0.000010 0.000010 0.000010 0.000010 0.000010 0.999930
HGDP00936	Yoruba	0.000010 0.000010 0.000010 0.000010 0.000010 0.000010 0.000010 0.999930
HGDP00941	Yoruba	0.000010 0.000010 0.000010 0.000010 0.000010 0.000010 0.000010 0.999930
HGDP00942	Yoruba	0.000010 0.000010 0.000010 0.000010 0.000010 0.000010 0.000010 0.999930
HGDP00943	Yoruba	0.000010 0.000010 0.000010 0.000010 0.000010 0.000010 0.000010 0.999930
NA18504	Yoruba	0.000010 0.000010 0.000010 0.000010 0.000010 0.000010 0.000010 0.999930
NA18852	Yoruba	0.000010 0.000010 0.000010 0.000010 0.000010 0.000010 0.000010 0.999930
NA18856	Yoruba	0.000010 0.000010 0.000010 0.000010 0.000010 0.000010 0.000010 0.999930
NA18862	Yoruba	0.000010 0.000010 0.000010 0.000010 0.000010 0.000010 0.000010 0.999930
NA19098	Yoruba	0.000010 0.000010 0.000010 0.000010 0.000010 0.000010 0.000010 0.999930
NA19099	Yoruba	0.000010 0.000010 0.000010 0.000010 0.000010 0.000010 0.000010 0.999930
NA19102	Yoruba	0.000010 0.000010 0.000010 0.000010 0.000010 0.000010 0.000010 0.999930
NA19127	Yoruba	0.000010 0.000010 0.000010 0.000010 0.000010 0.000010 0.000010 0.999930
NA19128	Yoruba	0.000010 0.000010 0.000010 0.000010 0.000010 0.000010 0.000010 0.999930
NA19130	Yoruba	0.000010 0.000010 0.000010 0.000010 0.000010 0.000010 0.000010 0.999930
NA19137	Yoruba	0.000010 0.000010 0.000010 0.000010 0.000010 0.000010 0.000010 0.999930
NA19143	Yoruba	0.000010 0.000010 0.000010 0.000010 0.000010 0.000010 0.000010 0.999930
NA19160	Yoruba	0.000010 0.000010 0.000010 0.000010 0.000010 0.000010 0.000010 0.999930
NA19203	Yoruba	0.000010 0.000010 0.000013 0.000010 0.000010 0.000010 0.000010 0.999927
NA18870	Yoruba	0.000010 0.000010 0.000010 0.000010 0.000128 0.000010 0.000010 0.999812
NA19201	Yoruba	0.000010 0.000010 0.000010 0.000010 0.000581 0.000010 0.000010 0.999359
HGDP00929	Yoruba	0.000010 0.000010 0.000010 0.000010 0.000590 0.000010 0.000010 0.999350
HGDP00924	Yoruba	0.000010 0.000825 0.000010 0.000010 0.000323 0.000010 0.000010 0.998802
NA19119	Yoruba	0.000010 0.001281 0.000010 0.000010 0.000010 0.000010 0.000010 0.998659
NA18871	Yoruba	0.000010 0.000010 0.000010 0.000010 0.001525 0.000010 0.000010 0.998415
HGDP00934	Yoruba	0.000010 0.001881 0.000010 0.000010 0.000010 0.000010 0.000010 0.998059
HGDP00933	Yoruba	0.000010 0.000010 0.000010 0.000010 0.002788 0.000010 0.000010 0.997152
HGDP00940	Yoruba	0.000010 0.000010 0.000010 0.000010 0.003068 0.000010 0.000010 0.996872
HGDP00937	Yoruba	0.000010 0.000010 0.000010 0.000010 0.003262 0.000010 0.000010 0.996678
NA19207	Yoruba	0.000010 0.000010 0.000010 0.000010 0.003283 0.000010 0.000010 0.996657
HGDP00939	Yoruba	0.000010 0.000010 0.000010 0.003316 0.000299 0.000010 0.000010 0.996335
NA18505	Yoruba	0.000010 0.000010 0.000010 0.000010 0.004748 0.000010 0.000010 0.995192
NA19193	Yoruba	0.000010 0.000010 0.000010 0.000010 0.006219 0.000010 0.000010 0.993721
NA18517	Yoruba	0.000010 0.000010 0.000010 0.000010 0.006807 0.000010 0.000010 0.993133
NA18853	Yoruba	0.000010 0.000010 0.000010 0.000010 0.007082 0.000010 0.000010 0.992858
HGDP00944	Yoruba	0.000010 0.000015 0.000010 0.000010 0.007165 0.000010 0.000010 0.992770
NA19204	Yoruba	0.000010 0.000010 0.001762 0.000010 0.005502 0.000010 0.000010 0.992686
HGDP00920	Yoruba	0.000010 0.000010 0.000010 0.000010 0.007630 0.000010 0.000010 0.992310
NA18507	Yoruba	0.000010 0.000319 0.000010 0.000010 0.007417 0.000010 0.000010 0.992214
NA19209	Yoruba	0.000010 0.000010 0.000010 0.000010 0.007766 0.000010 0.000010 0.992174
NA18855	Yoruba	0.000010 0.000010 0.001252 0.000010 0.000010 0.006657 0.000010 0.992040
NA19239	Yoruba	0.000010 0.000010 0.000010 0.000010 0.008092 0.000010 0.000010 0.991848
NA19141	Yoruba	0.000010 0.006538 0.000010 0.000010 0.002433 0.000010 0.000010 0.990979
HGDP00928	Yoruba	0.000010 0.000010 0.000010 0.000010 0.009097 0.000010 0.000010 0.990843
HGDP00926	Yoruba	0.000010 0.000010 0.000010 0.000010 0.009834 0.000010 0.000010 0.990106
NA18861	Yoruba	0.000010 0.000010 0.000010 0.000010 0.007809 0.000010 0.002142 0.989999
NA18858	Yoruba	0.000010 0.000010 0.000010 0.000010 0.010778 0.000010 0.000010 0.989162
NA19138	Yoruba	0.000010 0.000010 0.000010 0.000010 0.010842 0.000010 0.000010 0.989098
HGDP00931	Yoruba	0.000010 0.000010 0.002378 0.000010 0.008478 0.000010 0.000010 0.989095
NA19093	Yoruba	0.000010 0.000010 0.000010 0.000010 0.012027 0.000010 0.000010 0.987913
NA18516	Yoruba	0.000010 0.000010 0.000010 0.000010 0.012397 0.000010 0.000010 0.987543
HGDP00938	Yoruba	0.000010 0.000010 0.000010 0.000010 0.012500 0.000010 0.000010 0.987440
NA18522	Yoruba	0.000010 0.000010 0.000010 0.000010 0.012636 0.000010 0.000010 0.987304
NA19116	Yoruba	0.000010 0.000010 0.000010 0.000010 0.012649 0.000010 0.000010 0.987291
NA19206	Yoruba	0.000010 0.000010 0.000010 0.000010 0.012799 0.000010 0.000010 0.987141
NA18508	Yoruba	0.000010 0.000010 0.000010 0.000010 0.013051 0.000010 0.000010 0.986889
HGDP00930	Yoruba	0.000010 0.000010 0.005545 0.000010 0.007385 0.001868 0.000010 0.985162
NA19223	Yoruba	0.000010 0.000010 0.000010 0.000010 0.015198 0.000010 0.000010 0.984742
NA18859	Yoruba	0.000010 0.000327 0.004536 0.000010 0.010504 0.000010 0.000010 0.984592
NA19101	Yoruba	0.000010 0.001337 0.000010 0.000010 0.013281 0.000010 0.001045 0.984297
NA19222	Yoruba	0.000010 0.000010 0.000010 0.000010 0.017077 0.000010 0.000010 0.982863
NA19171	Yoruba	0.000010 0.005084 0.003035 0.000010 0.009092 0.000010 0.000010 0.982748
NA19210	Yoruba	0.000010 0.000010 0.000010 0.000010 0.017782 0.000010 0.000010 0.982158
NA19238	Yoruba	0.000010 0.000010 0.000017 0.000010 0.019531 0.000010 0.000010 0.980403
NA19144	Yoruba	0.000010 0.000010 0.000010 0.000010 0.021261 0.000010 0.000010 0.978679
HGDP00932	Yoruba	0.000010 0.000010 0.000010 0.000010 0.022200 0.000010 0.000010 0.977740
NA19159	Yoruba	0.000010 0.005406 0.000010 0.000010 0.017045 0.000010 0.000010 0.977499
NA19131	Yoruba	0.000010 0.000010 0.000010 0.000010 0.022891 0.000010 0.000010 0.977049
NA18501	Yoruba	0.000010 0.000010 0.000010 0.000010 0.024923 0.000010 0.000010 0.975017
NAM172	Khwe	0.003646 0.001333 0.000010 0.000010 0.376592 0.028483 0.000119 0.589808
BOT6.160	Khwe	0.000010 0.000010 0.000010 0.000010 0.386250 0.032886 0.000010 0.580813
NAM167	Khwe	0.000010 0.000010 0.000010 0.000010 0.392410 0.029237 0.000010 0.578302
NAM175	Khwe	0.008087 0.001228 0.000533 0.000010 0.388477 0.023892 0.000010 0.577763
NAM376	Khwe	0.000010 0.000010 0.005027 0.000010 0.407286 0.031825 0.000010 0.555822
NAM179	Khwe	0.000010 0.009595 0.000010 0.000646 0.411283 0.031890 0.000010 0.546557
BOT6.158	Khwe	0.000010 0.006787 0.000010 0.000010 0.429076 0.018551 0.008156 0.537401
BOT6.154	Khwe	0.000010 0.002469 0.001834 0.000521 0.437273 0.025215 0.002117 0.530562
NAM321	Nama	0.000010 0.003715 0.000010 0.000010 0.852226 0.077442 0.000010 0.066577
NAM325	Nama	0.000010 0.000010 0.000010 0.000010 0.824306 0.081645 0.000010 0.093999
NAM317	Nama	0.013064 0.009663 0.000010 0.000010 0.813920 0.065435 0.000010 0.097888
NAM445	Nama	0.003740 0.004873 0.000010 0.028880 0.766173 0.104425 0.000010 0.091889
NAM326	Nama	0.000010 0.002071 0.000010 0.000010 0.750229 0.071044 0.000010 0.176617
NAM299	Nama	0.016653 0.000495 0.000010 0.000010 0.732412 0.129956 0.003826 0.116637
NAM442	Nama	0.012364 0.000985 0.000010 0.000010 0.703528 0.175823 0.009495 0.097785
NAM429	Nama	0.008228 0.003059 0.002393 0.001206 0.700338 0.080190 0.000010 0.204576
NAM444	Nama	0.011871 0.000010 0.000010 0.000010 0.697558 0.051143 0.002434 0.236964
NAM304	Nama	0.000010 0.003465 0.000010 0.017259 0.650801 0.227271 0.011233 0.089952
NAM412	Nama	0.000010 0.000010 0.000010 0.000010 0.629481 0.068198 0.000010 0.302271
NAM308	Nama	0.021559 0.012179 0.016156 0.000010 0.583923 0.188763 0.004063 0.173347
NAM415	Nama	0.015452 0.000010 0.003623 0.002976 0.577768 0.127475 0.000010 0.272686
NAM448	Nama	0.044544 0.001892 0.000010 0.001820 0.531179 0.225332 0.008215 0.187009
NAM427	Nama	0.009791 0.010653 0.000010 0.000010 0.472949 0.052037 0.004745 0.449805
NAM424	Nama	0.022308 0.000010 0.007787 0.002089 0.414132 0.056921 0.000010 0.496742
BOT6.208	Shua	0.003152 0.000010 0.001355 0.005748 0.279467 0.011755 0.000010 0.698502
BOT6.199	Shua	0.000010 0.000011 0.005698 0.000010 0.360652 0.044555 0.001662 0.587402
BOT6.196	Shua	0.003401 0.004540 0.000010 0.000026 0.372706 0.045077 0.000010 0.574229
BOT6.222	Shua	0.001361 0.002595 0.007917 0.000010 0.393633 0.022575 0.000183 0.571726
BOT6.233	Shua	0.000667 0.000010 0.000010 0.000010 0.426562 0.032760 0.000010 0.539972
BOT6.235	Shua	0.000010 0.002645 0.000010 0.000010 0.425286 0.042051 0.000010 0.529978
BOT6.245	Shua	0.011843 0.000010 0.000010 0.000010 0.437681 0.037589 0.000010 0.512846
BOT6.200	Shua	0.002890 0.010207 0.002880 0.000010 0.442204 0.032549 0.000010 0.509250
BOT6.252	Shua	0.006281 0.004306 0.000010 0.000010 0.469552 0.043075 0.000010 0.476757
BOT6.417	Tswana	0.000010 0.000010 0.000010 0.000010 0.167222 0.000010 0.000010 0.832718
BOT6.413	Tswana	0.000010 0.000010 0.000010 0.000010 0.196602 0.000010 0.000010 0.803338
BOT6.460	Tswana	0.000010 0.000010 0.000010 0.000010 0.277247 0.000010 0.000010 0.722693
BOT6.476	Tswana	0.000010 0.000010 0.000010 0.000010 0.308861 0.000010 0.000010 0.691079
BOT6.475	Tswana	0.000010 0.000010 0.000010 0.000010 0.353663 0.000010 0.000010 0.646277
NAM370	Haiom	0.002336 0.000010 0.000010 0.000623 0.671508 0.026931 0.000010 0.298572
NAM371	Haiom	0.030816 0.005305 0.000010 0.000010 0.616968 0.014489 0.000010 0.332392
NAM369	Haiom	0.000010 0.013717 0.000010 0.000010 0.587400 0.037150 0.000010 0.361693
NAM211	Haiom	0.010715 0.008088 0.000010 0.000010 0.532659 0.048659 0.000010 0.399848
NAM217	Haiom	0.021309 0.000010 0.000010 0.000010 0.504975 0.035488 0.000010 0.438188
NAM232	Haiom	0.000010 0.009421 0.000010 0.000010 0.496658 0.045675 0.000010 0.448206
NAM209	Haiom	0.000010 0.004975 0.003729 0.000010 0.480923 0.069789 0.007177 0.433386
NAM296	Himba	0.000010 0.000010 0.000010 0.000010 0.068072 0.000010 0.000010 0.931868
NAM294	Himba	0.000010 0.000010 0.002056 0.000010 0.078640 0.000010 0.000010 0.919253
NAM401	Himba	0.000010 0.000010 0.000010 0.000010 0.086602 0.000010 0.000010 0.913338
NAM295	Himba	0.000010 0.000010 0.000010 0.000010 0.094855 0.000010 0.000010 0.905085
NAM262	Damara	0.000010 0.000010 0.000010 0.000010 0.051243 0.000010 0.000010 0.948697
NAM246	Damara	0.000010 0.000010 0.000010 0.000010 0.054023 0.000010 0.000010 0.945917
NAM268	Damara	0.000010 0.000010 0.000490 0.000010 0.055000 0.000010 0.000010 0.944460
NAM267	Damara	0.000010 0.000010 0.000010 0.000010 0.058930 0.000010 0.000010 0.941010
NAM259	Damara	0.000010 0.000011 0.000010 0.000010 0.063670 0.000010 0.000010 0.936268
NAM410	Damara	0.000010 0.001985 0.000010 0.000010 0.062021 0.000010 0.000010 0.935945
NAM452	Damara	0.000010 0.000010 0.000010 0.000010 0.075223 0.000010 0.000010 0.924717
NAM399	Damara	0.000010 0.004041 0.000010 0.000010 0.073374 0.000010 0.000010 0.922535
NAM245	Damara	0.000010 0.000010 0.000010 0.000010 0.080922 0.000010 0.000010 0.919018
NAM284	Damara	0.000010 0.000010 0.000010 0.000010 0.098020 0.004168 0.000010 0.897762
NAM395	Damara	0.000010 0.001882 0.000010 0.000010 0.140273 0.011741 0.003467 0.842607
NAM277	Damara	0.001970 0.000625 0.000010 0.000010 0.159416 0.000010 0.000010 0.837949
KGA017	Kgalagadi	0.000010 0.000010 0.000010 0.000010 0.307609 0.000010 0.000010 0.692331
KGA003	Kgalagadi	0.000010 0.000010 0.000010 0.000010 0.320864 0.000010 0.000010 0.679076
KGA004	Kgalagadi	0.000010 0.000010 0.000010 0.000010 0.373903 0.000010 0.000010 0.626037
BOT6.566	Kgalagadi	0.000010 0.000010 0.000010 0.000010 0.418862 0.000010 0.000010 0.581078
BOT6.004	Kgalagadi	0.000010 0.000010 0.000010 0.000010 0.521255 0.000010 0.000010 0.478685
Hadza006	Hadza	0.023298 0.004079 0.000010 0.000010 0.139446 0.083534 0.000010 0.749613
Hadza002	Hadza	0.006887 0.007968 0.000010 0.018734 0.155756 0.057231 0.006705 0.746708
Hadza010	Hadza	0.029142 0.000010 0.000010 0.000010 0.158078 0.073776 0.013447 0.725528
Hadza008	Hadza	0.007158 0.000010 0.000010 0.010595 0.187665 0.072615 0.004238 0.717709
Hadza013	Hadza	0.011751 0.001351 0.002807 0.000010 0.166085 0.086669 0.019622 0.711705
Hadza011	Hadza	0.019056 0.007606 0.000010 0.000010 0.179742 0.084013 0.002902 0.706661
Hadza018	Hadza	0.030067 0.005243 0.000010 0.000010 0.178678 0.075828 0.007721 0.702443
Hadza012	Hadza	0.033966 0.007420 0.001899 0.000010 0.176183 0.068036 0.013753 0.698734
Hadza007	Hadza	0.017146 0.010234 0.000063 0.005183 0.188006 0.068975 0.019858 0.690534
Hadza003	Hadza	0.015074 0.012480 0.000010 0.000010 0.191950 0.073218 0.018790 0.688469
Hadza001	Hadza	0.035237 0.005756 0.000010 0.000010 0.193480 0.084028 0.017998 0.663479
Hadza004	Hadza	0.011886 0.002805 0.001223 0.012310 0.219064 0.075352 0.016483 0.660876
Bar04	Hadza	0.037818 0.011392 0.000010 0.001961 0.213816 0.060170 0.018023 0.656809
Hadza019	Hadza	0.025144 0.000010 0.000010 0.000010 0.220524 0.091352 0.008253 0.654696
Hadza017	Hadza	0.023998 0.008088 0.002646 0.000010 0.215740 0.086961 0.008015 0.654542
Bar08	Hadza	0.031005 0.009418 0.000010 0.004303 0.223795 0.069590 0.022204 0.639675
Hadza020	Hadza	0.041834 0.003562 0.000010 0.004992 0.229170 0.084179 0.000010 0.636243
Hadza005	Hadza	0.051995 0.009917 0.000010 0.002434 0.227408 0.059622 0.014138 0.634475
End08	Hadza	0.034344 0.014652 0.000010 0.000010 0.230332 0.068890 0.018726 0.633036
Hadza016	Hadza	0.029099 0.004817 0.000010 0.011507 0.239456 0.078743 0.004851 0.631516
Bar13	Hadza	0.027680 0.016562 0.000010 0.000010 0.231991 0.081466 0.015747 0.626534
Bar10	Hadza	0.035150 0.013364 0.006103 0.005028 0.224513 0.080169 0.011018 0.624656
SA016	Khomani	0.000010 0.000010 0.000010 0.000010 0.943075 0.000010 0.000010 0.056865
SA047	Khomani	0.000010 0.000010 0.000010 0.000010 0.877485 0.000010 0.000010 0.122455
SA010	Khomani	0.004518 0.000010 0.000010 0.000010 0.872911 0.000010 0.000010 0.122521
SA063	Khomani	0.000010 0.000010 0.000010 0.000010 0.827687 0.045332 0.001892 0.125049
SA018	Khomani	0.000910 0.000010 0.000010 0.000010 0.813716 0.000010 0.000010 0.185324
SA1025	Khomani	0.012509 0.003225 0.000010 0.000010 0.753775 0.015384 0.000010 0.215076
SA078	Khomani	0.023304 0.000010 0.017986 0.000343 0.686005 0.250562 0.009817 0.011973
SA073	Khomani	0.019539 0.007972 0.000010 0.001060 0.673580 0.059808 0.016601 0.221431
SA064	Khomani	0.040320 0.006966 0.013622 0.012311 0.647604 0.119957 0.002005 0.157216
SA1004	Khomani	0.016248 0.000010 0.004563 0.000010 0.611825 0.078905 0.000010 0.288429
SA083	Khomani	0.086260 0.005421 0.007397 0.011397 0.607390 0.219979 0.010531 0.051624
BOT5.034	Gana	0.000010 0.000010 0.000010 0.000010 0.816542 0.009688 0.000010 0.173720
BOT6.259	Gana	0.000010 0.000010 0.000010 0.000232 0.759116 0.019196 0.003606 0.217821
BOT6.258	Gana	0.000010 0.000673 0.000010 0.000010 0.679605 0.022398 0.000544 0.296750
BOT5.018	Gana	0.000010 0.000010 0.000010 0.000010 0.623176 0.000010 0.000010 0.376764
BOT6.264	Gana	0.000986 0.000010 0.000010 0.000010 0.619512 0.004423 0.000010 0.375039
BOT5.026	Gana	0.000010 0.003134 0.000010 0.000010 0.575290 0.000010 0.000010 0.421526
BOT5.033	Gana	0.008253 0.000010 0.000010 0.000010 0.549646 0.000010 0.000010 0.442051
BOT5.036	Gana	0.000010 0.000010 0.000010 0.000010 0.535544 0.000010 0.000010 0.464396
BOT6.292	Tshwa	0.005765 0.000010 0.001181 0.000010 0.726811 0.013193 0.000010 0.253020
BOT6.278	Tshwa	0.000010 0.002213 0.003194 0.001397 0.594331 0.003286 0.000010 0.395560
BOT6.279	Tshwa	0.001552 0.011167 0.000010 0.001434 0.588881 0.000010 0.000010 0.396937
BOT6.274	Tshwa	0.001666 0.000010 0.000010 0.003406 0.580168 0.018409 0.000010 0.396321
BOT6.280	Tshwa	0.000010 0.000010 0.000010 0.000010 0.572817 0.004047 0.004792 0.418303
HGDP00460	Biaka	0.000010 0.000010 0.000010 0.000010 0.289533 0.000010 0.000010 0.710407
HGDP00986	Biaka	0.000010 0.000010 0.000010 0.000010 0.290249 0.000010 0.000010 0.709691
HGDP00472	Biaka	0.000010 0.000010 0.002509 0.000010 0.291226 0.000010 0.002748 0.703476
HGDP00475	Biaka	0.000010 0.000010 0.000010 0.000010 0.299328 0.000010 0.000010 0.700612
HGDP00470	Biaka	0.000010 0.000010 0.000010 0.000010 0.313766 0.000010 0.000010 0.686174
HGDP00454	Biaka	0.000010 0.000010 0.000010 0.000010 0.314036 0.000010 0.000010 0.685904
HGDP00457	Biaka	0.000010 0.000010 0.000010 0.000010 0.314874 0.000010 0.000010 0.685066
HGDP00466	Biaka	0.000010 0.000010 0.000010 0.000010 0.316208 0.000010 0.000010 0.683732
HGDP00985	Biaka	0.000010 0.000010 0.000010 0.000010 0.316866 0.000010 0.000010 0.683074
HGDP00459	Biaka	0.000010 0.000010 0.000010 0.000010 0.317099 0.000010 0.000010 0.682841
HGDP01086	Biaka	0.000010 0.003345 0.000010 0.000010 0.314584 0.000010 0.000010 0.682021
HGDP01090	Biaka	0.000010 0.000010 0.000010 0.000010 0.321460 0.000010 0.000010 0.678480
HGDP00473	Biaka	0.000010 0.000010 0.000010 0.000010 0.324260 0.000010 0.000010 0.675680
HGDP00464	Biaka	0.000010 0.000010 0.000010 0.000010 0.324506 0.000010 0.000010 0.675434
HGDP00469	Biaka	0.000010 0.000010 0.000010 0.000010 0.324736 0.000010 0.000010 0.675204
HGDP00465	Biaka	0.000010 0.000010 0.000010 0.000010 0.326322 0.000010 0.000010 0.673618
HGDP00455	Biaka	0.000010 0.000010 0.000010 0.000010 0.328080 0.000010 0.000010 0.671860
HGDP01094	Biaka	0.000010 0.000010 0.000010 0.000010 0.328785 0.000010 0.000010 0.671155
HGDP00461	Biaka	0.000010 0.000010 0.000010 0.000010 0.332963 0.000010 0.000010 0.666977
HGDP00458	Biaka	0.000010 0.000010 0.000010 0.000010 0.336240 0.000010 0.000010 0.663700
NAM115	Xuun	0.000010 0.000204 0.000010 0.000251 0.840953 0.010501 0.009546 0.138525
NAM119	Xuun	0.000010 0.002952 0.000010 0.000010 0.834288 0.014443 0.000010 0.148277
NAM129	Xuun	0.007676 0.000010 0.000010 0.000010 0.832168 0.011300 0.000010 0.148816
NAM361	Xuun	0.000010 0.000014 0.000010 0.000010 0.802791 0.004066 0.006862 0.186237
NAM188	Xuun	0.000010 0.000010 0.000010 0.000010 0.802182 0.000010 0.000010 0.197758
NAM191	Xuun	0.000010 0.001321 0.000010 0.000010 0.787035 0.000010 0.007347 0.204257
NAM107	Xuun	0.000010 0.000010 0.000010 0.008444 0.782745 0.007424 0.000010 0.201347
NAM201	Xuun	0.000010 0.000010 0.000010 0.000010 0.778230 0.019676 0.000010 0.202044
NAM109	Xuun	0.012712 0.000010 0.000010 0.000010 0.748595 0.002350 0.000010 0.236302
