Egypt9	Egyptian	0.101753 0.001247 0.742182 0.000010 0.004397 0.000010 0.000076 0.150325
Egypt17AQ176	Egyptian	0.059636 0.007693 0.738591 0.000010 0.000010 0.000010 0.029853 0.164198
Egypt7AQ172	Egyptian	0.102893 0.000010 0.731066 0.000010 0.000010 0.000010 0.011272 0.154729
Egypt12AQ172	Egyptian	0.075471 0.007238 0.731045 0.000010 0.000010 0.000010 0.019129 0.167087
Egypt9AQ172	Egyptian	0.070857 0.014271 0.729574 0.000010 0.000010 0.000010 0.006898 0.178369
Egypt3AQ172	Egyptian	0.107821 0.009499 0.728250 0.000010 0.000010 0.000010 0.009844 0.144556
Egypt15AQ172	Egyptian	0.074216 0.005209 0.725876 0.000010 0.000010 0.000010 0.025735 0.168933
Egypt12	Egyptian	0.076065 0.000010 0.725015 0.001613 0.000010 0.000010 0.021781 0.175496
Egypt7	Egyptian	0.083123 0.006513 0.721555 0.000010 0.000010 0.000010 0.021768 0.167011
Egypt10	Egyptian	0.087793 0.006321 0.721530 0.000010 0.006218 0.000010 0.004039 0.174078
Egypt5AQ172	Egyptian	0.097127 0.004300 0.721154 0.000010 0.000010 0.000010 0.017678 0.159712
Egypt11	Egyptian	0.079801 0.000010 0.715298 0.000993 0.011745 0.000010 0.005754 0.186389
Egypt3	Egyptian	0.073232 0.000010 0.714697 0.000010 0.003863 0.000010 0.027826 0.180352
Egypt1AQ172	Egyptian	0.104413 0.000010 0.713631 0.000010 0.000010 0.000010 0.014178 0.167738
Egypt8AT113	Egyptian	0.097860 0.000010 0.704564 0.000010 0.002383 0.000010 0.005678 0.189485
Egypt9AQ177	Egyptian	0.083950 0.009103 0.702653 0.000010 0.000010 0.000010 0.019080 0.185184
Egypt22TD21	Egyptian	0.115729 0.015308 0.699915 0.000010 0.000010 0.000010 0.004872 0.164146
Egypt1	Egyptian	0.092787 0.000010 0.684598 0.000010 0.000010 0.000010 0.003516 0.219059
MoroccanJew4692	Moroccan_Jew	0.072227 0.000010 0.859530 0.000010 0.000010 0.000010 0.020183 0.048020
MoroccanJew4789	Moroccan_Jew	0.085627 0.000010 0.838757 0.000010 0.005117 0.000010 0.021697 0.048772
MoroccanJew5126	Moroccan_Jew	0.092258 0.000739 0.834429 0.009390 0.000010 0.000010 0.009212 0.053951
MoroccanJew4683	Moroccan_Jew	0.115661 0.000010 0.833378 0.005844 0.000010 0.000019 0.000010 0.045068
MoroccanJew4634	Moroccan_Jew	0.105255 0.000010 0.824658 0.005138 0.010390 0.007738 0.003150 0.043659
MoroccanJew5168	Moroccan_Jew	0.097939 0.000010 0.824238 0.009664 0.000010 0.000010 0.011740 0.056389
Tunisian20C4	Tunisian	0.000010 0.021809 0.759710 0.000010 0.000010 0.000010 0.005053 0.213388
Tunisian20F4	Tunisian	0.003243 0.000010 0.730964 0.000010 0.004704 0.000010 0.042954 0.218105
Tunisian20C1	Tunisian	0.039310 0.000011 0.730263 0.000010 0.000010 0.000010 0.019902 0.210484
Tunisian20B4	Tunisian	0.053226 0.000010 0.721532 0.000010 0.000010 0.000010 0.022733 0.202469
Tunisian20A5	Tunisian	0.008950 0.000010 0.714678 0.000010 0.000010 0.000010 0.031136 0.245197
Tunisian200000	Tunisian	0.043558 0.000010 0.705779 0.000010 0.000010 0.000010 0.025907 0.224715
Tunisian20D4	Tunisian	0.021759 0.011485 0.704103 0.000010 0.000010 0.001717 0.010491 0.250426
Tunisian20D1	Tunisian	0.023829 0.003031 0.688779 0.000010 0.000010 0.000010 0.037810 0.246522
TunisianJew1763	Tunisian_Jew	0.064203 0.004914 0.859797 0.000010 0.000010 0.000010 0.007250 0.063807
TunisianJew1531	Tunisian_Jew	0.084637 0.007256 0.858506 0.000010 0.000069 0.000010 0.000010 0.049502
TunisianJew1170	Tunisian_Jew	0.107418 0.003207 0.836295 0.000010 0.000010 0.000010 0.004391 0.048659
TunisianJew1421	Tunisian_Jew	0.091888 0.000010 0.835724 0.010059 0.000010 0.000010 0.000010 0.062289
TunisianJew1511	Tunisian_Jew	0.085686 0.000010 0.832973 0.000010 0.000010 0.000010 0.019887 0.061414
TunisianJew1544	Tunisian_Jew	0.088517 0.009786 0.830265 0.000010 0.000010 0.003769 0.018026 0.049617
TunisianJew1507	Tunisian_Jew	0.096267 0.012289 0.825988 0.000010 0.000670 0.000010 0.000010 0.064755
LibyanJew1611	Libyan_Jew	0.075724 0.009815 0.837442 0.004008 0.006073 0.000010 0.018603 0.048325
LibyanJew1659	Libyan_Jew	0.084151 0.000298 0.834104 0.000010 0.007613 0.000010 0.007016 0.066798
LibyanJew1605	Libyan_Jew	0.082241 0.013722 0.831525 0.003482 0.000010 0.000010 0.000010 0.069000
LibyanJew1601	Libyan_Jew	0.084886 0.005123 0.831000 0.001245 0.002945 0.003342 0.017419 0.054039
LibyanJew1462	Libyan_Jew	0.097667 0.000010 0.830066 0.000010 0.000010 0.000010 0.012796 0.059432
LibyanJew1438	Libyan_Jew	0.101325 0.000196 0.822010 0.001991 0.000385 0.000010 0.008146 0.065937
LibyanJew1263	Libyan_Jew	0.099785 0.003893 0.820660 0.003072 0.000010 0.000010 0.000010 0.072560
LibyanJew1104	Libyan_Jew	0.106944 0.000222 0.820624 0.000010 0.000010 0.000010 0.016125 0.056054
LibyanJew1639	Libyan_Jew	0.110617 0.000010 0.819831 0.000010 0.000010 0.000010 0.012911 0.056601
HGDP01263	Mozabite	0.000010 0.005106 0.778944 0.000010 0.000010 0.000010 0.025112 0.190798
HGDP01255	Mozabite	0.000010 0.007181 0.758274 0.003041 0.000010 0.000010 0.006259 0.225215
HGDP01258	Mozabite	0.004870 0.000010 0.750498 0.000010 0.002079 0.006406 0.000010 0.236117
HGDP01282	Mozabite	0.000010 0.011650 0.749141 0.000010 0.000010 0.000010 0.012643 0.226526
HGDP01278	Mozabite	0.000010 0.002143 0.748086 0.000010 0.000010 0.000010 0.023098 0.226633
HGDP01275	Mozabite	0.009207 0.000010 0.743905 0.000010 0.000010 0.000010 0.010056 0.236791
HGDP01272	Mozabite	0.000010 0.001402 0.740702 0.000010 0.000010 0.000010 0.018106 0.239749
HGDP01280	Mozabite	0.000010 0.005659 0.739408 0.000010 0.000010 0.003436 0.000010 0.251457
HGDP01253	Mozabite	0.000010 0.000885 0.734275 0.000010 0.000010 0.000010 0.010279 0.254521
HGDP01264	Mozabite	0.000010 0.008015 0.731620 0.000010 0.000010 0.000010 0.018470 0.241855
HGDP01254	Mozabite	0.000010 0.011747 0.731082 0.000010 0.000010 0.006337 0.030853 0.219951
HGDP01268	Mozabite	0.000010 0.017411 0.727319 0.000010 0.000010 0.000010 0.004396 0.250834
HGDP01265	Mozabite	0.000010 0.007233 0.724933 0.006935 0.000010 0.000010 0.003768 0.257101
HGDP01256	Mozabite	0.000010 0.004301 0.722347 0.000010 0.000010 0.000010 0.008285 0.265027
HGDP01277	Mozabite	0.000010 0.000102 0.721891 0.000010 0.000010 0.000010 0.030758 0.247208
HGDP01262	Mozabite	0.000010 0.010564 0.717683 0.000010 0.000010 0.000010 0.012835 0.258878
HGDP01276	Mozabite	0.000010 0.002634 0.716040 0.000010 0.000010 0.000010 0.009104 0.272183
HGDP01279	Mozabite	0.000010 0.019476 0.710770 0.000010 0.000010 0.000010 0.018560 0.251155
HGDP01257	Mozabite	0.000010 0.000010 0.705911 0.000010 0.000010 0.000010 0.004008 0.290031
HGDP01259	Mozabite	0.000016 0.009361 0.694416 0.000010 0.000010 0.000010 0.024260 0.271917
HGDP01274	Mozabite	0.000010 0.006711 0.670901 0.000010 0.000010 0.016727 0.000010 0.305621
Algerian43A34	Algerian	0.000010 0.000312 0.767096 0.000010 0.000010 0.000010 0.016416 0.216136
Algerian43A13	Algerian	0.000010 0.000010 0.724566 0.000010 0.000010 0.000010 0.023508 0.251876
Algerian43A23	Algerian	0.011030 0.011359 0.714370 0.000010 0.000010 0.000010 0.017697 0.245514
Algerian43A24	Algerian	0.000010 0.005024 0.710334 0.000010 0.000010 0.000010 0.025531 0.259072
Algerian43A21	Algerian	0.023988 0.007961 0.703683 0.000010 0.002005 0.000010 0.023080 0.239263
Algerian43A32	Algerian	0.000157 0.007172 0.693882 0.000010 0.000010 0.000010 0.052937 0.245822
Algerian43A22	Algerian	0.000010 0.008861 0.692822 0.000010 0.000010 0.000010 0.041623 0.256654
SAH21	Saharawi	0.000010 0.009210 0.701358 0.000010 0.000010 0.000010 0.011420 0.277972
SAH18	Saharawi	0.000010 0.008209 0.701130 0.000010 0.000010 0.000010 0.015323 0.275298
SAH9	Saharawi	0.000010 0.008632 0.696002 0.000010 0.000010 0.000010 0.022373 0.272953
SAH24	Saharawi	0.000010 0.012455 0.690472 0.000010 0.000010 0.000010 0.024823 0.272210
SAH27	Saharawi	0.000010 0.000010 0.689019 0.000010 0.000010 0.000010 0.013171 0.297760
SAH34	Saharawi	0.000010 0.000010 0.677894 0.000010 0.000010 0.000010 0.021465 0.300591
EthiopianJew1831	Ethiopian_Jew	0.031249 0.018547 0.480855 0.000010 0.017827 0.000010 0.009739 0.441764
EthiopianJew1818	Ethiopian_Jew	0.036459 0.015183 0.480505 0.000010 0.021866 0.000010 0.005759 0.440208
EthiopianJew1574	Ethiopian_Jew	0.034812 0.000010 0.473048 0.000010 0.018034 0.000010 0.015096 0.458980
EthiopianJew4690	Ethiopian_Jew	0.033252 0.009270 0.462043 0.000010 0.031450 0.000010 0.027191 0.436774
EthiopianJew1804	Ethiopian_Jew	0.051012 0.009783 0.461460 0.000010 0.031423 0.000010 0.011617 0.434685
EthiopianJew1822	Ethiopian_Jew	0.048341 0.000010 0.457866 0.000010 0.034237 0.000010 0.035309 0.424218
EthiopianJew1570	Ethiopian_Jew	0.036467 0.000010 0.453694 0.000010 0.033776 0.000010 0.034078 0.441954
ADR20107	Oromo	0.000010 0.009626 0.358188 0.000010 0.047597 0.000010 0.023396 0.561162
ADR20106	Oromo	0.032570 0.008314 0.385086 0.000010 0.026695 0.000010 0.008073 0.539243
ADR20112	Oromo	0.036539 0.004529 0.364178 0.000010 0.052964 0.000010 0.008485 0.533285
ADR20109	Oromo	0.028340 0.009130 0.356617 0.000010 0.077577 0.000010 0.022197 0.506119
Ayodo_5S	Somali	0.019102 0.012130 0.368036 0.000010 0.016181 0.000010 0.002477 0.582055
Ayodo_41S	Somali	0.009497 0.018985 0.343197 0.000010 0.032458 0.000010 0.024054 0.571790
Ayodo_35S	Somali	0.012645 0.001759 0.373921 0.000010 0.033305 0.000010 0.018352 0.559999
Ayodo_23S	Somali	0.033524 0.024329 0.358596 0.000010 0.020547 0.000010 0.009874 0.553111
Ayodo_21S	Somali	0.003656 0.012581 0.357709 0.000010 0.041007 0.000010 0.031991 0.553036
Ayodo_69S	Somali	0.008197 0.018991 0.359979 0.000010 0.039380 0.000010 0.022271 0.551163
Ayodo_52S	Somali	0.033288 0.001450 0.369876 0.000010 0.041451 0.001376 0.004370 0.548180
Ayodo_81S	Somali	0.021696 0.018718 0.381206 0.000010 0.019687 0.006031 0.006281 0.546370
Ayodo_90S	Somali	0.025756 0.016976 0.383425 0.000010 0.024006 0.000010 0.008094 0.541722
Ayodo_40S	Somali	0.006110 0.004173 0.391841 0.000010 0.023388 0.000010 0.033951 0.540517
Ayodo_34S	Somali	0.034759 0.019679 0.368190 0.000010 0.030306 0.000010 0.008215 0.538832
Ayodo_61S	Somali	0.016457 0.006394 0.377634 0.000010 0.037361 0.000010 0.026605 0.535529
Ayodo_43S	Somali	0.022254 0.013022 0.393355 0.000010 0.023961 0.000010 0.018250 0.529138
GOR067	Datog	0.022312 0.008931 0.271291 0.000010 0.063031 0.000010 0.000010 0.634405
GOR063	Datog	0.010689 0.000529 0.273342 0.000010 0.062520 0.000010 0.022052 0.630849
GOR049	Datog	0.013834 0.008038 0.272555 0.001994 0.069618 0.000010 0.020514 0.613438
Ayodo_103M	Masai	0.017230 0.007264 0.183369 0.000010 0.047178 0.000010 0.013669 0.731270
NA21490	Masai	0.029077 0.012144 0.193842 0.000010 0.032975 0.000010 0.004835 0.727108
NA21487	Masai	0.044486 0.006792 0.192608 0.000010 0.031614 0.000010 0.001962 0.722517
Ayodo_101M	Masai	0.037200 0.018293 0.180308 0.000010 0.044633 0.000010 0.000010 0.719536
NA21648	Masai	0.021752 0.006210 0.204017 0.000010 0.049365 0.006871 0.000010 0.711766
NA21477	Masai	0.032001 0.001970 0.187676 0.000010 0.046773 0.000010 0.021343 0.710217
NA21581	Masai	0.021123 0.015030 0.203413 0.000010 0.044167 0.000010 0.010451 0.705796
NA21310	Masai	0.026866 0.000010 0.211609 0.013006 0.045557 0.000010 0.008096 0.694846
NA21366	Masai	0.040259 0.007408 0.205749 0.000010 0.047580 0.000010 0.022538 0.676446
NA21425	Masai	0.023743 0.006248 0.231996 0.000010 0.057564 0.000010 0.016658 0.663771
NA21514	Masai	0.043002 0.014066 0.227396 0.000010 0.041490 0.003010 0.008916 0.662108
NA21302	Masai	0.012819 0.000010 0.243214 0.005761 0.061696 0.000010 0.021362 0.655128
Ayodo_47K	Kikuyu	0.007640 0.007332 0.134046 0.000010 0.043528 0.000010 0.005514 0.801920
Ayodo_61K	Kikuyu	0.001206 0.003892 0.145129 0.000010 0.053172 0.000010 0.019802 0.776781
Ayodo_67K	Kikuyu	0.014745 0.000010 0.133204 0.000010 0.068837 0.000010 0.008919 0.774264
Ayodo_83K	Kikuyu	0.013828 0.010465 0.163741 0.000010 0.048960 0.000010 0.000010 0.762976
Sandawe021	Sandawe	0.020513 0.000010 0.141689 0.000010 0.097789 0.000010 0.000421 0.739558
Sandawe023	Sandawe	0.020231 0.011700 0.150286 0.000010 0.123643 0.005421 0.003925 0.684785
Sandawe024	Sandawe	0.000010 0.014740 0.171023 0.000010 0.124776 0.000010 0.014013 0.675419
Sandawe019	Sandawe	0.005844 0.010701 0.191674 0.000010 0.113808 0.000010 0.007394 0.670558
Sandawe001	Sandawe	0.018465 0.011336 0.149826 0.008102 0.135145 0.007491 0.000010 0.669626
Sandawe007	Sandawe	0.016546 0.004010 0.174871 0.006506 0.137266 0.000010 0.000010 0.660780
Sandawe022	Sandawe	0.003489 0.013121 0.164664 0.000010 0.137803 0.000270 0.020350 0.660292
Sandawe013	Sandawe	0.000537 0.005077 0.189005 0.000010 0.130027 0.000701 0.014994 0.659648
Sandawe016	Sandawe	0.002501 0.009938 0.183704 0.001426 0.139951 0.000010 0.007534 0.654937
Sandawe003	Sandawe	0.010986 0.000010 0.183367 0.000010 0.138375 0.000010 0.012578 0.654664
Sandawe012	Sandawe	0.001280 0.008908 0.182320 0.000010 0.135984 0.000010 0.023732 0.647756
Sandawe025	Sandawe	0.019420 0.010419 0.170266 0.000010 0.143415 0.002689 0.010612 0.643169
Sandawe027	Sandawe	0.000010 0.011372 0.186760 0.007284 0.152185 0.000010 0.000010 0.642369
Sandawe005	Sandawe	0.012185 0.003973 0.173707 0.000010 0.156921 0.006947 0.005285 0.640973
Sandawe020	Sandawe	0.000010 0.000468 0.182288 0.000010 0.153179 0.000010 0.023581 0.640453
Sandawe002	Sandawe	0.005280 0.013895 0.156549 0.000010 0.170726 0.013128 0.000010 0.640403
Sandawe008	Sandawe	0.004262 0.000010 0.183544 0.002826 0.153159 0.000010 0.016872 0.639318
Sandawe014	Sandawe	0.000010 0.012057 0.189705 0.000010 0.157170 0.000010 0.007258 0.633780
Sandawe009	Sandawe	0.014889 0.000010 0.183198 0.000010 0.157154 0.000010 0.017866 0.626864
Sandawe011	Sandawe	0.000010 0.010618 0.192531 0.000010 0.171174 0.000010 0.000010 0.625637
Sandawe018	Sandawe	0.002919 0.019684 0.177016 0.000010 0.168010 0.000010 0.010288 0.622063
Sandawe006	Sandawe	0.009574 0.013869 0.203465 0.000010 0.157404 0.000010 0.008131 0.607538
AD_505	AA	0.006412 0.000010 0.079556 0.000010 0.001140 0.003767 0.000010 0.909094
AD_511	AA	0.000010 0.000010 0.091576 0.000010 0.001545 0.000010 0.000010 0.906829
AD_510	AA	0.000010 0.001043 0.105373 0.012083 0.000010 0.000010 0.000010 0.881461
AD_006	AA	0.005594 0.000010 0.076641 0.014394 0.027812 0.007844 0.000010 0.867695
AD_500	AA	0.000010 0.005710 0.074149 0.031771 0.024267 0.005008 0.000010 0.859074
AD_015	AA	0.000010 0.008952 0.086931 0.007125 0.035988 0.002404 0.000010 0.858580
AD_064	AA	0.000010 0.008707 0.104037 0.006879 0.041537 0.007581 0.000010 0.831239
AD_061	AA	0.011715 0.008150 0.111923 0.014466 0.022992 0.009730 0.000010 0.821014
AD_066	AA	0.010307 0.013461 0.143250 0.000742 0.030720 0.000010 0.000010 0.801499
AD_076	AA	0.000010 0.000010 0.163410 0.013867 0.025379 0.000010 0.010005 0.787310
AD_523	AA	0.007595 0.010662 0.146142 0.023891 0.027048 0.000010 0.000010 0.784642
AD_512	AA	0.045194 0.016604 0.465901 0.014780 0.012958 0.037778 0.000010 0.406775
NA19017	Luhya	0.000010 0.007340 0.006407 0.001188 0.036682 0.000010 0.006612 0.941750
NA19023	Luhya	0.000010 0.000010 0.007545 0.000010 0.052708 0.006138 0.003216 0.930363
NA19024	Luhya	0.007232 0.000010 0.020472 0.002753 0.045824 0.000010 0.000010 0.923689
NA19026	Luhya	0.002985 0.005019 0.038915 0.000010 0.030995 0.000010 0.000010 0.922056
NA19019	Luhya	0.000010 0.006702 0.025253 0.003601 0.042331 0.000010 0.004259 0.917834
NA19044	Luhya	0.000010 0.001690 0.034664 0.000010 0.048596 0.000010 0.000010 0.915009
NA19020	Luhya	0.002962 0.006121 0.033212 0.000010 0.052429 0.000010 0.000010 0.905246
NA19027	Luhya	0.013466 0.006860 0.040644 0.001321 0.047499 0.000010 0.000346 0.889854
Ayodo_502C	Luo	0.010530 0.006803 0.015553 0.000010 0.031176 0.000805 0.000010 0.935113
Ayodo_458C	Luo	0.007392 0.000010 0.018211 0.000010 0.042397 0.000010 0.000010 0.931960
Ayodo_430C	Luo	0.005111 0.004531 0.007550 0.000010 0.045237 0.013112 0.000010 0.924439
Ayodo_412C	Luo	0.006184 0.007351 0.011805 0.000010 0.052563 0.000010 0.000010 0.922068
Ayodo_438C	Luo	0.019239 0.000010 0.016600 0.000010 0.042718 0.000010 0.000010 0.921404
Ayodo_460C	Luo	0.011983 0.000010 0.006870 0.008836 0.055384 0.002332 0.002151 0.912434
Ayodo_423C	Luo	0.006604 0.000010 0.022670 0.000307 0.054326 0.006520 0.000010 0.909553
Ayodo_604C	Luo	0.018446 0.000010 0.011003 0.000010 0.062031 0.000010 0.000010 0.908480
HGDP01405	BantuKenya	0.009774 0.002109 0.002290 0.000010 0.037430 0.004577 0.002078 0.941733
HGDP01417	BantuKenya	0.000016 0.000010 0.030148 0.000010 0.032530 0.000010 0.000010 0.937266
HGDP01414	BantuKenya	0.008271 0.003014 0.010882 0.000010 0.041859 0.003581 0.000010 0.932373
HGDP01419	BantuKenya	0.003267 0.000010 0.017959 0.000010 0.049456 0.000010 0.002230 0.927058
HGDP01408	BantuKenya	0.014502 0.000266 0.018483 0.004230 0.035767 0.000010 0.000010 0.926732
HGDP01418	BantuKenya	0.010214 0.000010 0.018069 0.000010 0.040120 0.002186 0.006775 0.922615
DNK03	Dinka	0.024092 0.002872 0.011437 0.000010 0.018135 0.000010 0.017557 0.925888
DNK07	Dinka	0.024602 0.014523 0.011325 0.000010 0.024309 0.000010 0.003771 0.921449
DNK05	Dinka	0.040176 0.004232 0.000881 0.000748 0.024074 0.003867 0.010854 0.915170
DNK11	Dinka	0.028854 0.018961 0.000010 0.000010 0.032229 0.001561 0.004396 0.913980
DNK09	Dinka	0.023199 0.000010 0.019458 0.000010 0.019321 0.007330 0.020668 0.910004
DNK15	Dinka	0.029049 0.000010 0.022917 0.010039 0.028584 0.000010 0.002901 0.906490
DNK06	Dinka	0.045955 0.000010 0.011982 0.001038 0.030789 0.006973 0.002798 0.900455
HG02464	Gambian	0.000010 0.000010 0.000047 0.000010 0.012334 0.000010 0.000010 0.987570
HG02570	Gambian	0.004657 0.000011 0.007574 0.000010 0.009356 0.000010 0.000010 0.978371
HG02571	Gambian	0.000010 0.000010 0.009770 0.000010 0.009726 0.003033 0.000010 0.977431
HG02465	Gambian	0.000010 0.004323 0.008017 0.000010 0.011594 0.000010 0.000010 0.976026
HG02573	Gambian	0.001695 0.000731 0.021195 0.000010 0.014117 0.000010 0.000010 0.962233
HG02574	Gambian	0.000010 0.000278 0.047231 0.001262 0.003802 0.000010 0.000010 0.947396
HGDP01028	BantuSA	0.000010 0.000010 0.000010 0.000010 0.071156 0.004178 0.000010 0.924617
HGDP01031	BantuSA	0.000010 0.000010 0.000020 0.002195 0.071880 0.000010 0.001905 0.923970
HGDP01035	BantuSA	0.000010 0.000010 0.000010 0.000010 0.098562 0.000010 0.000010 0.901378
HGDP01033	BantuSA	0.000012 0.000010 0.000010 0.000010 0.167481 0.000010 0.000010 0.832456
HGDP01034	BantuSA	0.000010 0.000010 0.000010 0.000010 0.211955 0.006759 0.000010 0.781236
HGDP00994	BantuSA	0.000010 0.000010 0.000010 0.000010 0.232343 0.000010 0.000010 0.767597
HGDP00993	BantuSA	0.002489 0.000010 0.000010 0.000010 0.268389 0.000010 0.000010 0.729072
HGDP01030	BantuSA	0.000010 0.000010 0.000010 0.000010 0.330910 0.000010 0.000010 0.669030
HG03078	Mende	0.000010 0.000010 0.000010 0.000212 0.026776 0.000010 0.000010 0.972962
HG03076	Mende	0.000010 0.000010 0.000010 0.000010 0.029901 0.000010 0.000010 0.970039
HG03097	Mende	0.000010 0.000010 0.000010 0.000010 0.035916 0.000010 0.000010 0.964024
HG03057	Mende	0.000010 0.000689 0.000010 0.000010 0.037431 0.000010 0.000010 0.961830
HG03085	Mende	0.000010 0.000010 0.000010 0.000010 0.040589 0.000010 0.000010 0.959351
HG03069	Mende	0.000010 0.000010 0.000010 0.000010 0.039274 0.004970 0.000010 0.955707
HG03052	Mende	0.000010 0.000010 0.000010 0.000010 0.049717 0.000010 0.000010 0.950223
HG03072	Mende	0.000926 0.000010 0.000010 0.003816 0.053697 0.001724 0.000010 0.939807
HGDP00912	Mandenka	0.004880 0.000012 0.006117 0.000010 0.001078 0.000010 0.000010 0.987884
HGDP00907	Mandenka	0.006780 0.001860 0.006967 0.000852 0.000010 0.000010 0.000010 0.983511
HGDP00913	Mandenka	0.001295 0.000010 0.006669 0.000010 0.008790 0.000234 0.000010 0.982982
HGDP00904	Mandenka	0.000010 0.006225 0.009607 0.000567 0.000010 0.000010 0.001649 0.981922
HGDP01202	Mandenka	0.003251 0.001617 0.000083 0.000010 0.002918 0.000010 0.010788 0.981323
HGDP01283	Mandenka	0.000010 0.000010 0.020476 0.000010 0.000010 0.000010 0.000010 0.979464
HGDP00917	Mandenka	0.000533 0.000010 0.012028 0.003719 0.000010 0.000010 0.004726 0.978964
HGDP01286	Mandenka	0.000010 0.000010 0.017469 0.000010 0.002729 0.003520 0.000010 0.976241
HGDP01284	Mandenka	0.002294 0.000010 0.002729 0.000010 0.015276 0.003508 0.000010 0.976164
HGDP01199	Mandenka	0.000010 0.000010 0.011586 0.000010 0.005651 0.002364 0.004600 0.975768
HGDP00915	Mandenka	0.003726 0.000010 0.019361 0.000010 0.000010 0.005859 0.000010 0.971014
HGDP00908	Mandenka	0.005256 0.002198 0.000010 0.000010 0.014227 0.000010 0.007666 0.970623
HGDP01200	Mandenka	0.001694 0.000010 0.017322 0.000010 0.009531 0.001709 0.000010 0.969715
HGDP00909	Mandenka	0.000010 0.000010 0.008887 0.000010 0.016172 0.000010 0.005855 0.969046
HGDP00910	Mandenka	0.000010 0.000010 0.012680 0.003045 0.018422 0.000010 0.000010 0.965813
HGDP00905	Mandenka	0.015089 0.012261 0.000010 0.000010 0.011957 0.000010 0.000010 0.960653
HGDP00906	Mandenka	0.000010 0.000010 0.017084 0.006035 0.018896 0.000010 0.000010 0.957945
NAM088	Wambo	0.000010 0.000010 0.000010 0.000010 0.046578 0.000010 0.000010 0.953362
NAM453	Wambo	0.000010 0.000010 0.000017 0.000010 0.049830 0.000010 0.000010 0.950103
NAM436	Wambo	0.000010 0.000010 0.000010 0.000010 0.055648 0.000010 0.000010 0.944292
NAM331	Wambo	0.000010 0.000010 0.000010 0.000010 0.057536 0.000010 0.000010 0.942404
NAM434	Wambo	0.000010 0.000010 0.000010 0.000010 0.063913 0.000010 0.000010 0.936027
HG02923	Esan	0.000010 0.000010 0.000010 0.000010 0.000010 0.000010 0.000010 0.999930
HG03100	Esan	0.000010 0.000010 0.000010 0.000010 0.000010 0.000010 0.000010 0.999930
HG03108	Esan	0.000010 0.000010 0.000010 0.000010 0.000135 0.000010 0.000010 0.999805
HG03099	Esan	0.000010 0.000010 0.000010 0.000010 0.001145 0.000010 0.000010 0.998795
HG03109	Esan	0.000010 0.000010 0.000010 0.000010 0.010080 0.000010 0.000010 0.989860
HG02943	Esan	0.000010 0.005888 0.000010 0.000010 0.006632 0.000010 0.000010 0.987429
HG02974	Esan	0.000010 0.000967 0.000010 0.000010 0.015997 0.000010 0.000010 0.982986
HG02922	Esan	0.000010 0.000010 0.000010 0.000010 0.022408 0.000010 0.000010 0.977532
HGDP00928	Yoruba	0.000010 0.000010 0.000010 0.000010 0.000010 0.000010 0.000010 0.999930
HGDP00936	Yoruba	0.000010 0.000010 0.000010 0.000010 0.000010 0.000010 0.000010 0.999930
HGDP00937	Yoruba	0.000010 0.000010 0.000010 0.000010 0.000010 0.000010 0.000010 0.999930
HGDP00940	Yoruba	0.000010 0.000010 0.000010 0.000010 0.000010 0.000010 0.000010 0.999930
HGDP00942	Yoruba	0.000010 0.000010 0.000010 0.000010 0.000010 0.000010 0.000010 0.999930
HGDP00943	Yoruba	0.000010 0.000010 0.000010 0.000010 0.000010 0.000010 0.000010 0.999930
NA18504	Yoruba	0.000010 0.000010 0.000010 0.000010 0.000010 0.000010 0.000010 0.999930
NA18853	Yoruba	0.000010 0.000010 0.000010 0.000010 0.000010 0.000010 0.000010 0.999930
NA18856	Yoruba	0.000010 0.000010 0.000010 0.000010 0.000010 0.000010 0.000010 0.999930
NA18862	Yoruba	0.000010 0.000010 0.000010 0.000010 0.000010 0.000010 0.000010 0.999930
NA18870	Yoruba	0.000010 0.000010 0.000010 0.000010 0.000010 0.000010 0.000010 0.999930
NA19160	Yoruba	0.000010 0.000010 0.000010 0.000010 0.000010 0.000010 0.000010 0.999930
NA19201	Yoruba	0.000010 0.000010 0.000010 0.000010 0.000010 0.000010 0.000010 0.999930
NA19206	Yoruba	0.000010 0.000010 0.000010 0.000010 0.000010 0.000010 0.000010 0.999930
NA19207	Yoruba	0.000010 0.000010 0.000010 0.000010 0.000010 0.000010 0.000010 0.999930
NA18852	Yoruba	0.000010 0.000010 0.000013 0.000010 0.000010 0.000010 0.000010 0.999927
NA19130	Yoruba	0.000010 0.000010 0.000010 0.000010 0.000010 0.000017 0.000010 0.999923
NA19193	Yoruba	0.000010 0.000010 0.000010 0.000010 0.000020 0.000010 0.000010 0.999920
NA18858	Yoruba	0.000010 0.000010 0.000010 0.000010 0.000105 0.000010 0.000010 0.999835
NA19102	Yoruba	0.000010 0.000386 0.000010 0.000010 0.000010 0.000010 0.000010 0.999554
NA18871	Yoruba	0.000010 0.000010 0.000010 0.000010 0.000490 0.000010 0.000010 0.999450
HGDP00930	Yoruba	0.000010 0.000010 0.000010 0.000575 0.000010 0.000010 0.000010 0.999365
NA18517	Yoruba	0.000010 0.000010 0.000014 0.000010 0.001191 0.000010 0.000010 0.998744
HGDP00932	Yoruba	0.000010 0.000010 0.000010 0.000010 0.001368 0.000010 0.000010 0.998572
NA18507	Yoruba	0.000010 0.001448 0.000010 0.000010 0.000010 0.000010 0.000010 0.998492
HGDP00944	Yoruba	0.000010 0.000010 0.000010 0.000010 0.001540 0.000010 0.000010 0.998400
NA19222	Yoruba	0.000010 0.000010 0.000010 0.000010 0.002288 0.000010 0.000010 0.997652
HGDP00934	Yoruba	0.000010 0.000010 0.000010 0.000010 0.002484 0.000010 0.000010 0.997456
NA19137	Yoruba	0.000010 0.001559 0.000010 0.000010 0.001336 0.000010 0.000010 0.997055
NA19128	Yoruba	0.000010 0.000010 0.000010 0.000010 0.000010 0.000010 0.003315 0.996625
NA18516	Yoruba	0.000010 0.000010 0.000010 0.000010 0.003893 0.000010 0.000010 0.996047
NA19093	Yoruba	0.000010 0.000010 0.000010 0.000010 0.003989 0.000010 0.000010 0.995951
HGDP00933	Yoruba	0.000010 0.000010 0.000010 0.000010 0.000010 0.000010 0.004422 0.995518
NA19209	Yoruba	0.000010 0.000010 0.000010 0.000010 0.004696 0.000010 0.000010 0.995244
NA19143	Yoruba	0.000010 0.000019 0.000010 0.000010 0.005199 0.000010 0.000010 0.994732
HGDP00939	Yoruba	0.000010 0.000010 0.000010 0.000010 0.000010 0.005240 0.000010 0.994700
NA19171	Yoruba	0.000010 0.000010 0.000010 0.000010 0.005358 0.000010 0.000010 0.994582
NA19141	Yoruba	0.000010 0.000722 0.000010 0.000010 0.004713 0.000010 0.000010 0.994515
NA19098	Yoruba	0.000010 0.000719 0.000010 0.005077 0.000010 0.000010 0.000010 0.994154
NA19238	Yoruba	0.000010 0.000010 0.000010 0.000010 0.003803 0.002045 0.000010 0.994102
HGDP00941	Yoruba	0.000010 0.000010 0.000010 0.000010 0.005849 0.000010 0.000010 0.994091
NA19119	Yoruba	0.000010 0.000748 0.000010 0.005130 0.000010 0.000010 0.000010 0.994072
NA18859	Yoruba	0.000010 0.000010 0.000010 0.001194 0.003211 0.000010 0.001539 0.994015
NA19116	Yoruba	0.000010 0.000010 0.000010 0.000010 0.005994 0.000010 0.000010 0.993946
HGDP00925	Yoruba	0.000010 0.000010 0.000010 0.000010 0.006764 0.000010 0.000010 0.993176
NA19101	Yoruba	0.000010 0.000010 0.000010 0.000010 0.007574 0.000010 0.000010 0.992366
HGDP00935	Yoruba	0.000010 0.000010 0.000010 0.000010 0.007640 0.000010 0.000010 0.992300
HGDP00920	Yoruba	0.000010 0.000010 0.000010 0.000010 0.008110 0.000010 0.000010 0.991830
HGDP00924	Yoruba	0.000010 0.000010 0.000010 0.000010 0.008261 0.000010 0.000010 0.991679
NA19144	Yoruba	0.000010 0.000010 0.000010 0.000010 0.008382 0.000010 0.000010 0.991558
NA18508	Yoruba	0.000010 0.000010 0.000010 0.000010 0.008668 0.000010 0.000010 0.991272
HGDP00938	Yoruba	0.000010 0.000010 0.000010 0.000016 0.008879 0.000010 0.000010 0.991055
NA19204	Yoruba	0.000010 0.000010 0.003012 0.000010 0.000940 0.000010 0.005547 0.990460
NA19138	Yoruba	0.000010 0.000010 0.000010 0.000010 0.009865 0.000010 0.000010 0.990075
HGDP00929	Yoruba	0.000010 0.000010 0.000010 0.000010 0.009872 0.000010 0.000010 0.990068
NA18522	Yoruba	0.000010 0.000010 0.000010 0.000010 0.011174 0.000010 0.000010 0.988766
NA19239	Yoruba	0.000010 0.000010 0.000010 0.000010 0.011340 0.000010 0.000010 0.988600
NA18855	Yoruba	0.003932 0.006419 0.000010 0.000010 0.001172 0.000010 0.000010 0.988438
HGDP00926	Yoruba	0.000010 0.000010 0.000010 0.000010 0.011768 0.000010 0.000010 0.988172
NA19099	Yoruba	0.000010 0.000010 0.000010 0.000010 0.012117 0.000010 0.000010 0.987823
NA19127	Yoruba	0.000010 0.002216 0.000010 0.000010 0.009577 0.000010 0.000481 0.987686
NA19203	Yoruba	0.000010 0.000010 0.000012 0.001327 0.011705 0.000010 0.000010 0.986916
NA18505	Yoruba	0.000010 0.000010 0.000010 0.000010 0.011067 0.001996 0.000010 0.986887
NA18501	Yoruba	0.000010 0.000010 0.000010 0.000010 0.013943 0.000010 0.000010 0.985997
HGDP00931	Yoruba	0.000010 0.000010 0.000010 0.000530 0.013811 0.000010 0.000010 0.985609
NA18861	Yoruba	0.000010 0.000010 0.000010 0.007482 0.007394 0.000010 0.000010 0.985074
NA19210	Yoruba	0.000010 0.000010 0.000010 0.000010 0.015038 0.000010 0.000010 0.984902
NA19131	Yoruba	0.000010 0.000010 0.000010 0.000010 0.013569 0.001603 0.000010 0.984778
NA19159	Yoruba	0.000010 0.005347 0.000010 0.000010 0.011918 0.000010 0.000010 0.982685
NA19223	Yoruba	0.000010 0.000010 0.000010 0.000010 0.017905 0.000010 0.000010 0.982035
BOT6.160	Khwe	0.000010 0.000010 0.026468 0.000010 0.385406 0.000010 0.000010 0.588077
NAM172	Khwe	0.000010 0.003144 0.026807 0.000010 0.377843 0.000010 0.006427 0.585750
NAM175	Khwe	0.000010 0.001287 0.030236 0.000010 0.396204 0.000010 0.000010 0.572233
NAM167	Khwe	0.000010 0.000010 0.035205 0.001515 0.395164 0.000010 0.000010 0.568077
NAM179	Khwe	0.000010 0.006621 0.037162 0.000010 0.399847 0.000010 0.000010 0.556330
NAM376	Khwe	0.000010 0.000010 0.038939 0.000010 0.414339 0.000010 0.000010 0.546672
BOT6.158	Khwe	0.000010 0.002460 0.016332 0.000010 0.432648 0.000010 0.003467 0.545062
BOT6.154	Khwe	0.013121 0.000010 0.010803 0.000010 0.439027 0.006082 0.002182 0.528764
NAM321	Nama	0.000010 0.003306 0.075908 0.000010 0.857402 0.000010 0.000010 0.063345
NAM325	Nama	0.000010 0.000123 0.071092 0.000010 0.820741 0.000010 0.000010 0.108003
NAM317	Nama	0.006563 0.000019 0.076173 0.000010 0.799977 0.000010 0.000010 0.117238
NAM326	Nama	0.000010 0.000010 0.071095 0.000010 0.762032 0.000010 0.000010 0.166823
NAM445	Nama	0.003666 0.000010 0.115838 0.003837 0.761524 0.016115 0.002425 0.096586
NAM299	Nama	0.010570 0.003399 0.128975 0.000010 0.731923 0.000010 0.000010 0.125104
NAM442	Nama	0.010924 0.000010 0.172950 0.001457 0.709063 0.012430 0.002233 0.090934
NAM429	Nama	0.016040 0.000010 0.068689 0.003261 0.694218 0.000010 0.001489 0.216283
NAM444	Nama	0.020972 0.000010 0.053843 0.000010 0.692184 0.000010 0.000010 0.232961
NAM304	Nama	0.013418 0.013575 0.219839 0.005200 0.652017 0.003657 0.002357 0.089937
NAM412	Nama	0.000010 0.000010 0.069734 0.000010 0.639718 0.000010 0.000010 0.290497
NAM415	Nama	0.018194 0.000010 0.130392 0.000010 0.587183 0.000010 0.000010 0.264190
NAM308	Nama	0.026460 0.011083 0.193384 0.011666 0.583871 0.000010 0.003945 0.169580
NAM448	Nama	0.027268 0.000010 0.232354 0.000010 0.531413 0.001516 0.016342 0.191087
NAM427	Nama	0.009357 0.000953 0.056333 0.000010 0.478118 0.001160 0.001586 0.452483
NAM424	Nama	0.007559 0.013146 0.062137 0.002302 0.408881 0.004100 0.000010 0.501866
BOT6.208	Shua	0.000010 0.001395 0.018335 0.000010 0.283905 0.003244 0.000010 0.693091
BOT6.199	Shua	0.000010 0.000010 0.047817 0.000010 0.359192 0.003141 0.000010 0.589810
BOT6.196	Shua	0.004056 0.004845 0.046541 0.000010 0.373279 0.000010 0.000010 0.571250
BOT6.222	Shua	0.004452 0.003065 0.025404 0.001790 0.411465 0.000010 0.000010 0.553804
BOT6.233	Shua	0.000010 0.000010 0.028275 0.000010 0.426160 0.000010 0.000010 0.545515
BOT6.235	Shua	0.003068 0.000010 0.037072 0.000010 0.415272 0.001384 0.000010 0.543174
BOT6.245	Shua	0.000010 0.002761 0.052048 0.000010 0.426950 0.000010 0.000010 0.518200
BOT6.200	Shua	0.017689 0.000721 0.025723 0.000010 0.445712 0.004229 0.000010 0.505906
BOT6.252	Shua	0.000010 0.001888 0.051716 0.000010 0.472610 0.000010 0.000010 0.473746
BOT6.417	Tswana	0.000010 0.000010 0.000010 0.000010 0.156216 0.003218 0.000010 0.840516
BOT6.413	Tswana	0.000010 0.000010 0.000010 0.000010 0.198467 0.000010 0.000010 0.801473
BOT6.460	Tswana	0.000010 0.000010 0.000010 0.000010 0.273007 0.000010 0.000010 0.726933
BOT6.476	Tswana	0.000010 0.000010 0.000010 0.000010 0.304650 0.000010 0.000010 0.695290
BOT6.475	Tswana	0.000010 0.000010 0.000010 0.000442 0.352641 0.000010 0.000010 0.646866
NAM370	Haiom	0.000010 0.000010 0.037417 0.000010 0.670397 0.000010 0.000010 0.292136
NAM371	Haiom	0.014686 0.004709 0.021993 0.000010 0.611146 0.000010 0.001336 0.346109
NAM369	Haiom	0.002705 0.005485 0.040703 0.000010 0.587197 0.000010 0.000010 0.363881
NAM211	Haiom	0.022404 0.005237 0.043003 0.000010 0.522190 0.000010 0.000010 0.407136
NAM232	Haiom	0.001857 0.009229 0.042498 0.000010 0.509099 0.000010 0.000010 0.437287
NAM217	Haiom	0.011801 0.000017 0.037574 0.000010 0.494711 0.000020 0.000010 0.455858
NAM209	Haiom	0.000010 0.000010 0.070361 0.005517 0.479911 0.000010 0.000010 0.444171
NAM296	Himba	0.000575 0.000010 0.000010 0.000010 0.067200 0.000010 0.000010 0.932175
NAM294	Himba	0.000010 0.000010 0.000016 0.000010 0.073771 0.000010 0.001555 0.924617
NAM401	Himba	0.000010 0.000010 0.000010 0.000010 0.084383 0.000010 0.000010 0.915557
NAM295	Himba	0.000010 0.000010 0.000010 0.000010 0.103405 0.000010 0.000010 0.896535
NAM246	Damara	0.000010 0.000010 0.000010 0.000010 0.045238 0.000010 0.000010 0.954702
NAM267	Damara	0.000010 0.000010 0.000010 0.000010 0.045822 0.000010 0.000010 0.954118
NAM410	Damara	0.000010 0.004261 0.000010 0.000010 0.047248 0.000010 0.000010 0.948441
NAM268	Damara	0.000010 0.000013 0.000010 0.000010 0.055840 0.000010 0.000010 0.944097
NAM259	Damara	0.000010 0.000466 0.000010 0.001707 0.057065 0.000010 0.000010 0.940721
NAM262	Damara	0.000010 0.000010 0.000010 0.000010 0.060214 0.000010 0.000010 0.939726
NAM452	Damara	0.004291 0.000010 0.000010 0.000010 0.057921 0.000010 0.000010 0.937739
NAM245	Damara	0.000010 0.000010 0.000010 0.000010 0.064587 0.000010 0.000010 0.935353
NAM399	Damara	0.000010 0.000010 0.005905 0.000010 0.080288 0.000010 0.000010 0.913757
NAM284	Damara	0.000010 0.000410 0.000010 0.000010 0.092164 0.000010 0.000010 0.907376
NAM395	Damara	0.001759 0.000223 0.015761 0.002738 0.141247 0.000010 0.000010 0.838252
NAM277	Damara	0.000010 0.000010 0.006052 0.000010 0.156651 0.000010 0.000010 0.837248
KGA017	Kgalagadi	0.000010 0.000010 0.000010 0.000010 0.308398 0.000010 0.000010 0.691542
KGA003	Kgalagadi	0.000010 0.000010 0.000010 0.000010 0.333008 0.000010 0.000010 0.666932
KGA004	Kgalagadi	0.000010 0.000010 0.000010 0.000010 0.359781 0.000010 0.000010 0.640159
BOT6.566	Kgalagadi	0.000010 0.000010 0.000010 0.000010 0.407491 0.000010 0.000010 0.592449
BOT6.004	Kgalagadi	0.000010 0.000010 0.000010 0.000010 0.504192 0.000010 0.000010 0.495748
Hadza006	Hadza	0.015958 0.009057 0.077437 0.000010 0.132317 0.000010 0.011823 0.753389
Hadza002	Hadza	0.007382 0.015213 0.072498 0.000010 0.153683 0.007086 0.000010 0.744119
Hadza008	Hadza	0.031063 0.005981 0.057873 0.000010 0.177313 0.002849 0.000010 0.724901
Hadza010	Hadza	0.046175 0.000010 0.067363 0.000010 0.158966 0.000010 0.008626 0.718841
Hadza013	Hadza	0.002211 0.010364 0.094852 0.007377 0.171831 0.000012 0.011675 0.701679
Hadza003	Hadza	0.020569 0.011813 0.069638 0.002155 0.185134 0.003879 0.008517 0.698295
Hadza011	Hadza	0.016624 0.012909 0.083776 0.000010 0.182108 0.005653 0.002981 0.695939
Hadza012	Hadza	0.023685 0.005892 0.074349 0.002318 0.182591 0.000010 0.016922 0.694233
Hadza018	Hadza	0.042460 0.007884 0.070035 0.000010 0.185617 0.000010 0.000010 0.693974
Hadza007	Hadza	0.014092 0.016033 0.078497 0.001181 0.187294 0.000010 0.011448 0.691446
Hadza004	Hadza	0.023896 0.006684 0.063599 0.000010 0.214921 0.017710 0.004896 0.668283
Hadza001	Hadza	0.048789 0.009976 0.081127 0.002495 0.188907 0.000010 0.001728 0.666968
End08	Hadza	0.043433 0.012646 0.065864 0.000010 0.219101 0.000010 0.010747 0.648189
Hadza017	Hadza	0.020124 0.012125 0.085535 0.002882 0.222438 0.000010 0.010305 0.646580
Bar04	Hadza	0.040704 0.013098 0.064767 0.001287 0.217218 0.005578 0.011837 0.645510
Hadza019	Hadza	0.047051 0.009345 0.071560 0.001592 0.218020 0.000010 0.008570 0.643852
Bar08	Hadza	0.036205 0.007707 0.069571 0.000010 0.220335 0.009960 0.014318 0.641895
Hadza005	Hadza	0.060969 0.015982 0.053066 0.000010 0.226525 0.001519 0.006587 0.635342
Hadza016	Hadza	0.045669 0.012185 0.068719 0.009979 0.235089 0.000010 0.000010 0.628339
Hadza020	Hadza	0.069818 0.008805 0.068411 0.000010 0.230766 0.001328 0.000010 0.620852
Bar10	Hadza	0.052065 0.017388 0.075456 0.003333 0.222988 0.000010 0.008255 0.620504
Bar13	Hadza	0.028295 0.011144 0.086127 0.015465 0.236651 0.000010 0.009652 0.612656
SA016	Khomani	0.000010 0.000010 0.000010 0.000010 0.952834 0.000010 0.000010 0.047106
SA047	Khomani	0.000010 0.000010 0.000010 0.000010 0.880540 0.000010 0.000010 0.119400
SA010	Khomani	0.000522 0.000010 0.001853 0.000010 0.870931 0.000010 0.000010 0.126654
SA063	Khomani	0.005103 0.000010 0.038591 0.000010 0.822871 0.000010 0.006224 0.127181
SA018	Khomani	0.004814 0.000010 0.000010 0.000010 0.801010 0.000010 0.000010 0.194126
SA1025	Khomani	0.000010 0.007815 0.026413 0.000010 0.761689 0.000010 0.000010 0.204043
SA078	Khomani	0.017989 0.000010 0.240284 0.017256 0.687058 0.023930 0.000010 0.013463
SA073	Khomani	0.014234 0.008363 0.064039 0.000010 0.682841 0.009793 0.015280 0.205439
SA064	Khomani	0.051108 0.007117 0.123965 0.002447 0.654751 0.007089 0.018688 0.134835
SA1004	Khomani	0.017096 0.000010 0.072414 0.003948 0.616306 0.000010 0.000010 0.290206
SA083	Khomani	0.098288 0.008595 0.204127 0.005931 0.599729 0.012139 0.015596 0.055594
BOT5.034	Gana	0.000010 0.002737 0.004773 0.002835 0.816847 0.000010 0.000010 0.172777
BOT6.259	Gana	0.000010 0.000010 0.020299 0.001304 0.751033 0.000010 0.000010 0.227324
BOT6.258	Gana	0.006093 0.000010 0.022742 0.000010 0.677005 0.000010 0.000010 0.294120
BOT6.264	Gana	0.009829 0.000010 0.000079 0.000010 0.632229 0.000010 0.000010 0.357823
BOT5.018	Gana	0.000010 0.000010 0.000010 0.000010 0.619531 0.000019 0.000010 0.380400
BOT5.026	Gana	0.000010 0.000010 0.006100 0.000010 0.569913 0.000010 0.000010 0.423937
BOT5.036	Gana	0.000010 0.000010 0.000010 0.000010 0.541263 0.000010 0.000010 0.458677
BOT5.033	Gana	0.001282 0.000010 0.000010 0.000010 0.532106 0.000010 0.000010 0.466562
BOT6.292	Tshwa	0.008229 0.000216 0.018419 0.000010 0.722625 0.000010 0.000010 0.250481
BOT6.279	Tshwa	0.003062 0.004635 0.008624 0.000010 0.583996 0.000556 0.000010 0.399107
BOT6.274	Tshwa	0.005292 0.000010 0.021282 0.000010 0.583992 0.000010 0.000010 0.389394
BOT6.278	Tshwa	0.000010 0.000010 0.001901 0.002383 0.580912 0.000010 0.000010 0.414765
BOT6.280	Tshwa	0.000010 0.000014 0.010568 0.000475 0.560558 0.000010 0.000010 0.428354
HGDP00460	Biaka	0.000010 0.000010 0.000010 0.000010 0.294197 0.000010 0.000010 0.705743
HGDP00986	Biaka	0.000010 0.000010 0.000010 0.000010 0.297200 0.000010 0.000010 0.702740
HGDP00472	Biaka	0.000018 0.000010 0.000010 0.000010 0.299800 0.000010 0.000010 0.700132
HGDP01094	Biaka	0.000010 0.000010 0.000010 0.000010 0.310487 0.000010 0.000010 0.689453
HGDP00470	Biaka	0.000010 0.000010 0.000010 0.000010 0.311527 0.000010 0.000010 0.688413
HGDP01086	Biaka	0.000010 0.000010 0.000010 0.000010 0.310389 0.001463 0.000010 0.688097
HGDP00473	Biaka	0.000010 0.000500 0.000010 0.000010 0.312462 0.000010 0.000010 0.686988
HGDP00475	Biaka	0.000010 0.000636 0.000010 0.000010 0.312623 0.000010 0.000010 0.686691
HGDP00459	Biaka	0.000010 0.000010 0.000010 0.000010 0.313436 0.000010 0.000010 0.686504
HGDP00457	Biaka	0.000010 0.000010 0.000010 0.000010 0.313569 0.000010 0.000010 0.686371
HGDP00454	Biaka	0.000010 0.000010 0.000010 0.000010 0.315386 0.000010 0.000010 0.684554
HGDP00985	Biaka	0.000010 0.000010 0.000010 0.000010 0.316813 0.000010 0.000010 0.683127
HGDP00464	Biaka	0.000010 0.000010 0.000010 0.000010 0.318566 0.000010 0.000010 0.681374
HGDP00466	Biaka	0.000010 0.000010 0.000010 0.000010 0.320505 0.000010 0.000010 0.679435
HGDP00469	Biaka	0.000010 0.000010 0.000010 0.000010 0.321706 0.000010 0.000010 0.678234
HGDP00465	Biaka	0.000010 0.000010 0.000010 0.000010 0.322585 0.000010 0.000010 0.677355
HGDP01090	Biaka	0.000010 0.000010 0.000010 0.000010 0.328014 0.000010 0.000010 0.671926
HGDP00461	Biaka	0.000010 0.000010 0.000010 0.000010 0.330702 0.000010 0.000010 0.669238
HGDP00458	Biaka	0.000010 0.000320 0.000010 0.000010 0.333742 0.000010 0.000010 0.665888
HGDP00455	Biaka	0.000010 0.000010 0.000010 0.000010 0.335718 0.000010 0.000010 0.664222
NAM115	Xuun	0.000010 0.000019 0.015332 0.000010 0.842353 0.000010 0.000010 0.142256
NAM129	Xuun	0.005110 0.000010 0.012892 0.000010 0.837315 0.000010 0.000010 0.144643
NAM119	Xuun	0.000010 0.000010 0.007614 0.003166 0.828287 0.000010 0.000010 0.160893
NAM361	Xuun	0.000010 0.001154 0.008436 0.000010 0.812090 0.000010 0.000010 0.178280
NAM188	Xuun	0.000010 0.000010 0.002940 0.000010 0.793936 0.000010 0.000010 0.203074
NAM191	Xuun	0.001011 0.000010 0.000010 0.000010 0.786928 0.000010 0.009834 0.202187
NAM107	Xuun	0.000010 0.000010 0.008100 0.000010 0.784928 0.004391 0.000010 0.202541
NAM201	Xuun	0.000011 0.000010 0.013304 0.000010 0.784164 0.000010 0.006470 0.196021
NAM109	Xuun	0.002423 0.000010 0.014559 0.000327 0.747709 0.000010 0.000010 0.234951
