Egypt12	Egyptian	0.055660 0.000760 0.743533 0.000010 0.002617 0.000010 0.020140 0.177271
Egypt9	Egyptian	0.111308 0.000010 0.736197 0.000010 0.002271 0.000010 0.000010 0.150184
Egypt10	Egyptian	0.079265 0.000010 0.736051 0.000010 0.000010 0.000010 0.001681 0.182964
Egypt17AQ176	Egyptian	0.073995 0.003043 0.735458 0.000010 0.000010 0.000010 0.028016 0.159458
Egypt7	Egyptian	0.084921 0.000010 0.730985 0.005279 0.000010 0.000010 0.013455 0.165330
Egypt12AQ172	Egyptian	0.085025 0.003225 0.729382 0.000010 0.000010 0.000010 0.016189 0.166148
Egypt9AQ172	Egyptian	0.090968 0.010258 0.725280 0.000010 0.000010 0.000010 0.000238 0.173225
Egypt15AQ172	Egyptian	0.094617 0.000255 0.725229 0.002069 0.000010 0.000010 0.018360 0.159450
Egypt7AQ172	Egyptian	0.111747 0.000010 0.724738 0.000010 0.000010 0.000010 0.000010 0.163466
Egypt3AQ172	Egyptian	0.105200 0.006653 0.721852 0.000010 0.000010 0.000010 0.015702 0.150563
Egypt1AQ172	Egyptian	0.097408 0.000010 0.718775 0.000010 0.000010 0.000010 0.020727 0.163051
Egypt3	Egyptian	0.083137 0.000010 0.711542 0.000010 0.000010 0.000010 0.013014 0.192267
Egypt5AQ172	Egyptian	0.122295 0.000219 0.707705 0.000010 0.000010 0.000010 0.016370 0.153382
Egypt9AQ177	Egyptian	0.077078 0.009566 0.707144 0.000010 0.000010 0.000010 0.015169 0.191014
Egypt8AT113	Egyptian	0.103288 0.000010 0.706126 0.000010 0.005074 0.000010 0.000010 0.185472
Egypt11	Egyptian	0.089698 0.000010 0.701165 0.007604 0.000223 0.000010 0.007961 0.193329
Egypt22TD21	Egyptian	0.116246 0.008410 0.691797 0.000010 0.000010 0.000010 0.008691 0.174826
Egypt1	Egyptian	0.110810 0.003315 0.668188 0.000010 0.002728 0.000010 0.004320 0.210618
MoroccanJew5126	Moroccan_Jew	0.078292 0.001006 0.852168 0.012179 0.003838 0.001631 0.004000 0.046887
MoroccanJew4683	Moroccan_Jew	0.107572 0.003274 0.847413 0.000010 0.000010 0.000010 0.000010 0.041701
MoroccanJew4692	Moroccan_Jew	0.091892 0.000011 0.842095 0.000010 0.000010 0.000010 0.021560 0.044412
MoroccanJew4789	Moroccan_Jew	0.092868 0.000010 0.833752 0.000010 0.002291 0.000010 0.020658 0.050401
MoroccanJew4634	Moroccan_Jew	0.104021 0.000010 0.831298 0.000010 0.011542 0.000010 0.009149 0.043961
MoroccanJew5168	Moroccan_Jew	0.086504 0.000010 0.826932 0.007948 0.000010 0.000010 0.023838 0.054748
Tunisian20C4	Tunisian	0.000010 0.021977 0.744944 0.000010 0.000010 0.000010 0.015294 0.217745
Tunisian20B4	Tunisian	0.053681 0.003240 0.717247 0.000010 0.000010 0.000010 0.024528 0.201273
Tunisian20C1	Tunisian	0.052073 0.000010 0.715084 0.000010 0.000010 0.000010 0.010870 0.221932
Tunisian20F4	Tunisian	0.034726 0.000010 0.710494 0.000010 0.003916 0.000010 0.041737 0.209096
Tunisian200000	Tunisian	0.041928 0.000011 0.710018 0.000010 0.000010 0.000010 0.024528 0.223486
Tunisian20A5	Tunisian	0.018857 0.000010 0.705823 0.000010 0.000010 0.000010 0.029131 0.246149
Tunisian20D4	Tunisian	0.026355 0.000010 0.704039 0.000010 0.000010 0.000010 0.026783 0.242783
Tunisian20D1	Tunisian	0.017380 0.008278 0.695124 0.000010 0.000010 0.000010 0.031854 0.247334
TunisianJew1763	Tunisian_Jew	0.079388 0.005974 0.857091 0.000010 0.000010 0.000010 0.000611 0.056906
TunisianJew1531	Tunisian_Jew	0.078920 0.007017 0.856916 0.000010 0.000010 0.000010 0.000010 0.057106
TunisianJew1170	Tunisian_Jew	0.098304 0.010634 0.844866 0.000010 0.000010 0.000010 0.002279 0.043888
TunisianJew1544	Tunisian_Jew	0.072990 0.002479 0.840490 0.000010 0.000010 0.010046 0.016194 0.057780
TunisianJew1421	Tunisian_Jew	0.087365 0.000858 0.835510 0.006422 0.000010 0.000010 0.007152 0.062673
TunisianJew1507	Tunisian_Jew	0.099856 0.005857 0.830177 0.000010 0.002640 0.000010 0.000010 0.061441
TunisianJew1511	Tunisian_Jew	0.106232 0.000010 0.823539 0.000010 0.000010 0.000010 0.012076 0.058112
LibyanJew1605	Libyan_Jew	0.082027 0.008588 0.846750 0.000010 0.000010 0.000010 0.000010 0.062594
LibyanJew1659	Libyan_Jew	0.080786 0.000010 0.842973 0.000010 0.009951 0.000010 0.006793 0.059468
LibyanJew1601	Libyan_Jew	0.087852 0.000725 0.840100 0.002427 0.001570 0.000010 0.013538 0.053778
LibyanJew1611	Libyan_Jew	0.078788 0.018743 0.835344 0.000010 0.005386 0.000010 0.010741 0.050979
LibyanJew1263	Libyan_Jew	0.101003 0.000010 0.831872 0.000010 0.000010 0.000010 0.000010 0.067075
LibyanJew1438	Libyan_Jew	0.102212 0.003938 0.828571 0.003470 0.005998 0.000010 0.000010 0.055790
LibyanJew1639	Libyan_Jew	0.104726 0.000011 0.820868 0.000010 0.000010 0.000010 0.013277 0.061088
LibyanJew1462	Libyan_Jew	0.104964 0.000010 0.818419 0.000012 0.000010 0.000010 0.015789 0.060786
LibyanJew1104	Libyan_Jew	0.121791 0.004012 0.803066 0.000011 0.000010 0.002965 0.018387 0.049757
HGDP01263	Mozabite	0.006402 0.000823 0.764929 0.000010 0.000010 0.000010 0.026239 0.201577
HGDP01278	Mozabite	0.000010 0.005956 0.747475 0.004682 0.000010 0.000010 0.017272 0.224585
HGDP01255	Mozabite	0.000010 0.005802 0.745774 0.003634 0.000010 0.000010 0.018987 0.225772
HGDP01280	Mozabite	0.000010 0.012938 0.741724 0.000010 0.000010 0.000010 0.000010 0.245288
HGDP01272	Mozabite	0.000010 0.000010 0.738264 0.000010 0.000010 0.000010 0.023558 0.238128
HGDP01275	Mozabite	0.000010 0.009072 0.737154 0.000010 0.000010 0.000010 0.016312 0.237422
HGDP01258	Mozabite	0.000010 0.008559 0.735399 0.000010 0.000010 0.010468 0.004998 0.240546
HGDP01282	Mozabite	0.000010 0.018573 0.734431 0.000010 0.000010 0.000010 0.014149 0.232807
HGDP01264	Mozabite	0.000010 0.003623 0.730832 0.000010 0.000010 0.000010 0.027566 0.237939
HGDP01254	Mozabite	0.000010 0.009741 0.729441 0.000010 0.000010 0.000447 0.034518 0.225825
HGDP01268	Mozabite	0.000010 0.021752 0.728953 0.000010 0.000010 0.000010 0.002693 0.246562
HGDP01253	Mozabite	0.000010 0.000010 0.728005 0.004273 0.000010 0.000010 0.014312 0.253370
HGDP01265	Mozabite	0.000010 0.007830 0.726614 0.000010 0.000010 0.000010 0.018191 0.247325
HGDP01256	Mozabite	0.000010 0.000010 0.722107 0.000010 0.000010 0.000010 0.008812 0.269031
HGDP01277	Mozabite	0.000010 0.000010 0.720130 0.000010 0.000010 0.000010 0.036547 0.243273
HGDP01262	Mozabite	0.000010 0.004992 0.718175 0.000010 0.000010 0.000010 0.021022 0.255771
HGDP01276	Mozabite	0.000010 0.002634 0.716871 0.006674 0.000010 0.000010 0.006185 0.267606
HGDP01279	Mozabite	0.000010 0.017719 0.712829 0.000010 0.000010 0.000010 0.017686 0.251726
HGDP01257	Mozabite	0.000010 0.002295 0.704514 0.000010 0.000010 0.000010 0.004701 0.288450
HGDP01259	Mozabite	0.000010 0.013400 0.687622 0.000010 0.000010 0.000010 0.024852 0.274085
HGDP01274	Mozabite	0.000010 0.016620 0.661788 0.000010 0.000010 0.009147 0.000010 0.312405
Algerian43A34	Algerian	0.000010 0.002197 0.766099 0.000010 0.000010 0.000010 0.021687 0.209977
Algerian43A23	Algerian	0.000670 0.018194 0.724954 0.000010 0.000010 0.000010 0.013769 0.242383
Algerian43A24	Algerian	0.000010 0.009061 0.723031 0.000010 0.000010 0.000010 0.013971 0.253897
Algerian43A13	Algerian	0.027166 0.000010 0.721860 0.007705 0.000010 0.000870 0.002410 0.239970
Algerian43A21	Algerian	0.030894 0.015153 0.700609 0.000010 0.000521 0.000010 0.009008 0.243795
Algerian43A22	Algerian	0.000010 0.011912 0.694435 0.000010 0.000010 0.000010 0.040898 0.252716
Algerian43A32	Algerian	0.014188 0.005338 0.689848 0.000010 0.000010 0.000010 0.045292 0.245305
SAH18	Saharawi	0.000010 0.018253 0.704662 0.000010 0.000010 0.000010 0.005030 0.272016
SAH9	Saharawi	0.000010 0.004252 0.702819 0.000010 0.000010 0.000010 0.017509 0.275381
SAH21	Saharawi	0.000010 0.009631 0.693716 0.000010 0.000010 0.000010 0.006358 0.290255
SAH24	Saharawi	0.000010 0.012307 0.691141 0.000010 0.000010 0.000010 0.020867 0.275645
SAH27	Saharawi	0.000010 0.003330 0.679368 0.000010 0.000010 0.000010 0.015226 0.302036
SAH34	Saharawi	0.000010 0.000010 0.672527 0.000010 0.000010 0.000010 0.013818 0.313605
EthiopianJew1831	Ethiopian_Jew	0.029757 0.009124 0.485767 0.000010 0.026035 0.000010 0.017784 0.431513
EthiopianJew1818	Ethiopian_Jew	0.033110 0.023606 0.479996 0.000010 0.025304 0.000010 0.000010 0.437954
EthiopianJew1574	Ethiopian_Jew	0.040078 0.008380 0.466505 0.000010 0.018059 0.000010 0.005097 0.461862
EthiopianJew1570	Ethiopian_Jew	0.028736 0.000010 0.461382 0.000010 0.028861 0.000010 0.031018 0.449974
EthiopianJew1804	Ethiopian_Jew	0.047547 0.012964 0.459755 0.000010 0.030798 0.000010 0.011981 0.436935
EthiopianJew1822	Ethiopian_Jew	0.063754 0.004437 0.447532 0.000010 0.034479 0.000010 0.026661 0.423118
EthiopianJew4690	Ethiopian_Jew	0.058768 0.003652 0.446369 0.000010 0.030575 0.000010 0.023479 0.437138
ADR20107	Oromo	0.015378 0.006058 0.349574 0.000010 0.043757 0.000010 0.023647 0.561566
ADR20112	Oromo	0.041517 0.007455 0.360743 0.000010 0.050684 0.000010 0.005209 0.534372
ADR20106	Oromo	0.048930 0.008935 0.377471 0.000010 0.029951 0.000010 0.001410 0.533283
ADR20109	Oromo	0.034389 0.011013 0.359448 0.000010 0.067150 0.000010 0.010736 0.517245
Ayodo_5S	Somali	0.002269 0.007042 0.369105 0.000010 0.022068 0.000010 0.014075 0.585420
Ayodo_41S	Somali	0.011514 0.006613 0.353352 0.000010 0.026839 0.000010 0.025016 0.576646
Ayodo_21S	Somali	0.000010 0.010395 0.357818 0.000010 0.038652 0.000010 0.026189 0.566917
Ayodo_52S	Somali	0.026310 0.005416 0.364398 0.000010 0.026454 0.000010 0.012501 0.564900
Ayodo_35S	Somali	0.022930 0.001224 0.357792 0.000010 0.038216 0.000010 0.019903 0.559915
Ayodo_69S	Somali	0.014231 0.019548 0.349629 0.000010 0.035065 0.000010 0.021941 0.559566
Ayodo_40S	Somali	0.008382 0.001527 0.385075 0.000010 0.015657 0.000010 0.033628 0.555711
Ayodo_81S	Somali	0.016753 0.012914 0.384576 0.000010 0.019527 0.002169 0.010382 0.553669
Ayodo_34S	Somali	0.045585 0.011582 0.354364 0.000010 0.024153 0.000010 0.016691 0.547605
Ayodo_23S	Somali	0.038691 0.022449 0.363908 0.000010 0.015196 0.000010 0.016067 0.543669
Ayodo_90S	Somali	0.028354 0.009205 0.376499 0.000010 0.026800 0.000010 0.021904 0.537218
Ayodo_61S	Somali	0.028870 0.005430 0.368202 0.000010 0.046998 0.000010 0.025222 0.525259
Ayodo_43S	Somali	0.020627 0.014094 0.388632 0.000010 0.032657 0.000010 0.024547 0.519424
GOR067	Datog	0.016027 0.015215 0.271786 0.002855 0.057668 0.000010 0.000010 0.636429
GOR063	Datog	0.002397 0.000010 0.286114 0.000010 0.066997 0.000010 0.030469 0.613992
GOR049	Datog	0.010017 0.010870 0.269129 0.013108 0.070895 0.002528 0.013392 0.610063
Ayodo_103M	Masai	0.020367 0.002379 0.186746 0.000010 0.051098 0.004047 0.007475 0.727877
NA21490	Masai	0.029465 0.011134 0.182955 0.000542 0.040981 0.000010 0.011761 0.723153
Ayodo_101M	Masai	0.031034 0.010086 0.183039 0.000010 0.059358 0.000010 0.002334 0.714128
NA21487	Masai	0.041243 0.000120 0.193101 0.000010 0.043411 0.000010 0.008879 0.713225
NA21648	Masai	0.018169 0.006390 0.193426 0.010737 0.058139 0.000756 0.008191 0.704191
NA21477	Masai	0.025355 0.004026 0.194563 0.000010 0.055483 0.000010 0.016568 0.703985
NA21310	Masai	0.037749 0.009458 0.201508 0.001687 0.048691 0.000010 0.006574 0.694323
NA21581	Masai	0.017475 0.010004 0.215196 0.000010 0.056187 0.000010 0.009632 0.691486
NA21366	Masai	0.030402 0.005103 0.214425 0.000010 0.046469 0.000010 0.024138 0.679442
NA21425	Masai	0.026526 0.007371 0.235305 0.000010 0.052872 0.000010 0.005997 0.671909
NA21514	Masai	0.043901 0.011396 0.221999 0.000010 0.046369 0.013649 0.006206 0.656470
NA21302	Masai	0.018197 0.007822 0.240837 0.004699 0.071534 0.001540 0.002220 0.653150
Ayodo_67K	Kikuyu	0.010922 0.012979 0.128344 0.000010 0.062139 0.000010 0.000010 0.785585
Ayodo_47K	Kikuyu	0.005467 0.008892 0.133166 0.000010 0.059594 0.000010 0.013564 0.779298
Ayodo_61K	Kikuyu	0.001721 0.000010 0.161653 0.000010 0.047905 0.000010 0.011572 0.777118
Ayodo_83K	Kikuyu	0.007531 0.010276 0.167553 0.000010 0.046247 0.000010 0.000777 0.767596
Sandawe021	Sandawe	0.024412 0.000010 0.133642 0.000010 0.112245 0.000010 0.000010 0.729661
Sandawe001	Sandawe	0.015061 0.001764 0.157670 0.006757 0.126520 0.003145 0.005849 0.683235
Sandawe019	Sandawe	0.017593 0.007074 0.180407 0.000010 0.110509 0.000010 0.007124 0.677272
Sandawe023	Sandawe	0.025911 0.003358 0.160984 0.000010 0.130264 0.000010 0.006578 0.672886
Sandawe013	Sandawe	0.000010 0.005191 0.177330 0.000010 0.125488 0.007237 0.017316 0.667418
Sandawe024	Sandawe	0.008750 0.004171 0.166027 0.006675 0.136026 0.000010 0.011303 0.667038
Sandawe012	Sandawe	0.010317 0.000086 0.172319 0.000010 0.125946 0.000010 0.027056 0.664256
Sandawe002	Sandawe	0.019128 0.005582 0.147768 0.000010 0.162303 0.008825 0.000010 0.656373
Sandawe022	Sandawe	0.004835 0.014930 0.176562 0.000010 0.136993 0.000010 0.010840 0.655819
Sandawe007	Sandawe	0.025077 0.013365 0.171122 0.000010 0.141662 0.000010 0.000651 0.648104
Sandawe003	Sandawe	0.026078 0.002330 0.175978 0.000010 0.140333 0.000010 0.009770 0.645491
Sandawe005	Sandawe	0.024170 0.000010 0.153029 0.004228 0.159672 0.000010 0.015185 0.643695
Sandawe009	Sandawe	0.007817 0.007194 0.184023 0.000010 0.146170 0.007626 0.004888 0.642272
Sandawe016	Sandawe	0.000010 0.008006 0.183253 0.000010 0.151483 0.002074 0.012963 0.642202
Sandawe025	Sandawe	0.025695 0.013203 0.173466 0.000010 0.148613 0.000010 0.000010 0.638993
Sandawe014	Sandawe	0.001782 0.004738 0.196798 0.000010 0.145174 0.000010 0.013852 0.637636
Sandawe027	Sandawe	0.010461 0.011946 0.175661 0.007269 0.156244 0.000010 0.000847 0.637562
Sandawe008	Sandawe	0.025426 0.009367 0.158979 0.001950 0.154413 0.000010 0.015512 0.634342
Sandawe011	Sandawe	0.000010 0.016848 0.184407 0.001664 0.163094 0.000010 0.000010 0.633958
Sandawe020	Sandawe	0.000010 0.001871 0.190311 0.000010 0.163766 0.000010 0.017506 0.626515
Sandawe018	Sandawe	0.013603 0.023229 0.165188 0.000010 0.174476 0.000010 0.005848 0.617636
Sandawe006	Sandawe	0.018491 0.030212 0.174930 0.000010 0.162229 0.000010 0.000010 0.614108
AD_505	AA	0.000010 0.000010 0.083449 0.009479 0.000010 0.000010 0.000010 0.907022
AD_511	AA	0.000010 0.003867 0.091806 0.003055 0.000010 0.000010 0.000010 0.901232
AD_510	AA	0.000010 0.006221 0.095763 0.014648 0.000010 0.000010 0.000010 0.883328
AD_006	AA	0.000010 0.000010 0.082617 0.001765 0.019561 0.019548 0.000010 0.876478
AD_015	AA	0.004984 0.013608 0.086484 0.006589 0.026742 0.000010 0.000010 0.861573
AD_500	AA	0.005119 0.007398 0.081754 0.028461 0.031269 0.001415 0.000010 0.844573
AD_064	AA	0.000010 0.007946 0.106069 0.007741 0.035693 0.000010 0.000010 0.842521
AD_061	AA	0.022142 0.002927 0.102511 0.012352 0.015603 0.016001 0.000010 0.828455
AD_066	AA	0.000010 0.005183 0.158364 0.004693 0.032022 0.000872 0.000010 0.798846
AD_076	AA	0.000010 0.000010 0.164561 0.016996 0.023186 0.001028 0.005175 0.789034
AD_523	AA	0.005314 0.007591 0.165792 0.010833 0.044106 0.003104 0.000010 0.763250
AD_512	AA	0.049011 0.008491 0.469995 0.024063 0.013684 0.025819 0.000910 0.408027
NA19017	Luhya	0.000342 0.001339 0.011658 0.000010 0.040755 0.004116 0.000010 0.941769
NA19023	Luhya	0.000010 0.000010 0.014454 0.003736 0.046723 0.001844 0.000010 0.933213
NA19026	Luhya	0.000010 0.001125 0.038032 0.000010 0.040040 0.000010 0.000010 0.920764
NA19024	Luhya	0.005453 0.000010 0.021362 0.002407 0.054326 0.000010 0.000010 0.916421
NA19044	Luhya	0.000010 0.000010 0.030627 0.000010 0.055551 0.000010 0.000010 0.913772
NA19019	Luhya	0.001566 0.010423 0.016201 0.010094 0.052010 0.000010 0.001276 0.908420
NA19020	Luhya	0.012286 0.000010 0.029491 0.004038 0.057561 0.000010 0.000010 0.896593
NA19027	Luhya	0.019867 0.004356 0.030909 0.000010 0.057515 0.002084 0.002218 0.883042
Ayodo_438C	Luo	0.010533 0.000010 0.024449 0.000010 0.036918 0.000010 0.000010 0.928060
Ayodo_458C	Luo	0.000010 0.000010 0.025839 0.000010 0.048111 0.000010 0.000010 0.926000
Ayodo_502C	Luo	0.005509 0.007318 0.026447 0.000457 0.036241 0.000010 0.000010 0.924008
Ayodo_430C	Luo	0.000010 0.008972 0.010415 0.000010 0.051850 0.010972 0.000010 0.917761
Ayodo_412C	Luo	0.002873 0.012719 0.015525 0.000010 0.053409 0.000010 0.000010 0.915444
Ayodo_460C	Luo	0.004085 0.000010 0.014356 0.007079 0.054183 0.001398 0.006021 0.912867
Ayodo_604C	Luo	0.005341 0.002376 0.024204 0.000010 0.055645 0.000103 0.000010 0.912312
Ayodo_423C	Luo	0.006811 0.000010 0.019651 0.003674 0.056294 0.004305 0.000010 0.909244
HGDP01417	BantuKenya	0.003340 0.000010 0.023245 0.000010 0.036723 0.000010 0.000010 0.936652
HGDP01405	BantuKenya	0.006360 0.002005 0.006098 0.000010 0.042102 0.000010 0.006897 0.936516
HGDP01419	BantuKenya	0.008313 0.000010 0.016937 0.000010 0.041116 0.000010 0.000010 0.933593
HGDP01418	BantuKenya	0.011997 0.002034 0.011700 0.001233 0.033415 0.003120 0.004849 0.931652
HGDP01408	BantuKenya	0.008707 0.000010 0.022415 0.002429 0.039500 0.000010 0.000010 0.926919
HGDP01414	BantuKenya	0.000010 0.000010 0.013038 0.005462 0.046901 0.003112 0.007849 0.923617
DNK03	Dinka	0.018653 0.003607 0.014675 0.000010 0.029711 0.000010 0.014514 0.918820
DNK05	Dinka	0.023819 0.008041 0.018631 0.000010 0.018912 0.001992 0.011295 0.917299
DNK15	Dinka	0.026448 0.000010 0.015555 0.013584 0.026913 0.000010 0.001466 0.916013
DNK07	Dinka	0.027965 0.013104 0.010666 0.000010 0.026376 0.000010 0.006194 0.915675
DNK06	Dinka	0.036659 0.003381 0.021364 0.000010 0.017149 0.000010 0.006169 0.915258
DNK09	Dinka	0.019008 0.001586 0.027116 0.000010 0.021348 0.000010 0.017242 0.913679
DNK11	Dinka	0.033043 0.012497 0.009726 0.000010 0.044598 0.000638 0.000336 0.899152
HG02464	Gambian	0.000010 0.000967 0.001648 0.000010 0.014486 0.000010 0.000010 0.982860
HG02465	Gambian	0.003884 0.000178 0.005256 0.000010 0.021264 0.000018 0.000010 0.969379
HG02571	Gambian	0.012263 0.000010 0.004714 0.000010 0.019151 0.000010 0.000010 0.963832
HG02570	Gambian	0.007681 0.003791 0.000010 0.004282 0.021185 0.000010 0.000010 0.963030
HG02574	Gambian	0.000010 0.001934 0.045451 0.000010 0.004734 0.000010 0.000010 0.947840
HG02573	Gambian	0.000278 0.006816 0.022704 0.000010 0.025729 0.000017 0.000010 0.944435
HGDP01028	BantuSA	0.000010 0.000010 0.000010 0.000010 0.072602 0.005080 0.000010 0.922268
HGDP01031	BantuSA	0.000010 0.000010 0.003470 0.005200 0.066675 0.000010 0.002816 0.921810
HGDP01035	BantuSA	0.000010 0.000010 0.000010 0.000010 0.100731 0.000010 0.000892 0.898327
HGDP01033	BantuSA	0.003300 0.001694 0.000010 0.000010 0.174483 0.000010 0.000010 0.820483
HGDP01034	BantuSA	0.008594 0.000010 0.003639 0.000010 0.217148 0.000010 0.000010 0.770580
HGDP00994	BantuSA	0.000010 0.000010 0.000010 0.000010 0.231454 0.000010 0.000010 0.768486
HGDP00993	BantuSA	0.000623 0.000010 0.000010 0.000010 0.258025 0.000010 0.000010 0.741303
HGDP01030	BantuSA	0.000010 0.000010 0.000010 0.000010 0.341659 0.001736 0.000010 0.656555
HG03078	Mende	0.000010 0.000010 0.000010 0.008664 0.026451 0.000040 0.000010 0.964805
HG03097	Mende	0.000010 0.000010 0.000010 0.000010 0.037407 0.000010 0.000010 0.962533
HG03057	Mende	0.000010 0.000010 0.000010 0.000010 0.043153 0.000010 0.000010 0.956787
HG03076	Mende	0.000778 0.000010 0.005939 0.000010 0.036775 0.000010 0.000010 0.956467
HG03085	Mende	0.000010 0.000010 0.000010 0.000010 0.045184 0.000010 0.000010 0.954756
HG03069	Mende	0.001775 0.000010 0.000010 0.000010 0.048220 0.000010 0.000010 0.949955
HG03072	Mende	0.007176 0.002641 0.000010 0.001004 0.048036 0.000010 0.000010 0.941113
HG03052	Mende	0.000010 0.000010 0.000010 0.002779 0.057615 0.000010 0.000010 0.939556
HGDP00904	Mandenka	0.000010 0.000010 0.002657 0.005151 0.000010 0.000010 0.006746 0.985405
HGDP00912	Mandenka	0.002321 0.001161 0.003944 0.000010 0.000010 0.007802 0.000010 0.984742
HGDP00907	Mandenka	0.000010 0.000010 0.014065 0.000010 0.004202 0.000010 0.000010 0.981683
HGDP00913	Mandenka	0.000010 0.000010 0.009633 0.000010 0.011060 0.000010 0.000010 0.979257
HGDP01286	Mandenka	0.000010 0.000010 0.021186 0.000010 0.000010 0.000010 0.000010 0.978754
HGDP01284	Mandenka	0.007695 0.000010 0.000225 0.000010 0.014339 0.000010 0.001829 0.975883
HGDP00917	Mandenka	0.011270 0.000010 0.014577 0.000010 0.000010 0.000010 0.000010 0.974104
HGDP01199	Mandenka	0.003992 0.000091 0.012878 0.000010 0.009079 0.000010 0.000010 0.973930
HGDP00908	Mandenka	0.004509 0.001175 0.011772 0.002150 0.005521 0.000010 0.002588 0.972274
HGDP01202	Mandenka	0.011787 0.001451 0.000010 0.000010 0.011709 0.000010 0.003360 0.971664
HGDP00905	Mandenka	0.004392 0.008208 0.012283 0.000010 0.003969 0.000019 0.000010 0.971109
HGDP00910	Mandenka	0.005853 0.000010 0.011927 0.000010 0.010578 0.001221 0.000010 0.970392
HGDP00915	Mandenka	0.014701 0.000013 0.013961 0.001930 0.000493 0.000010 0.000010 0.968882
HGDP01283	Mandenka	0.006052 0.000010 0.018650 0.000010 0.006904 0.000010 0.000010 0.968354
HGDP00909	Mandenka	0.000010 0.001446 0.007227 0.000010 0.023227 0.000010 0.000010 0.968059
HGDP01200	Mandenka	0.000010 0.000010 0.016557 0.000010 0.017048 0.004010 0.000010 0.962346
HGDP00906	Mandenka	0.000148 0.000010 0.023093 0.000010 0.023356 0.000010 0.000010 0.953363
NAM088	Wambo	0.000010 0.000010 0.000010 0.000010 0.047325 0.000010 0.000010 0.952615
NAM331	Wambo	0.000010 0.000010 0.000010 0.000010 0.055035 0.000010 0.000010 0.944905
NAM453	Wambo	0.000010 0.000010 0.000010 0.000010 0.063426 0.000010 0.000010 0.936514
NAM436	Wambo	0.000010 0.001637 0.000010 0.000010 0.062723 0.000010 0.000010 0.935589
NAM434	Wambo	0.000010 0.000010 0.000010 0.000010 0.066302 0.000010 0.000010 0.933638
HG02923	Esan	0.000010 0.000010 0.000010 0.000010 0.000010 0.000010 0.000010 0.999930
HG03099	Esan	0.000010 0.000010 0.000010 0.000010 0.000010 0.000010 0.000010 0.999930
HG03100	Esan	0.000010 0.000010 0.000010 0.000010 0.001466 0.000010 0.000010 0.998474
HG02943	Esan	0.000010 0.000010 0.000010 0.000010 0.004891 0.000010 0.000010 0.995049
HG02974	Esan	0.000010 0.000010 0.000010 0.000010 0.005078 0.000010 0.000010 0.994862
HG03108	Esan	0.000010 0.000010 0.000010 0.000010 0.006297 0.000010 0.000010 0.993643
HG03109	Esan	0.000010 0.000010 0.000010 0.000010 0.011730 0.000010 0.000010 0.988210
HG02922	Esan	0.000010 0.000010 0.000010 0.000010 0.023301 0.000010 0.000010 0.976639
HGDP00928	Yoruba	0.000010 0.000010 0.000010 0.000010 0.000010 0.000010 0.000010 0.999930
HGDP00934	Yoruba	0.000010 0.000010 0.000010 0.000010 0.000010 0.000010 0.000010 0.999930
HGDP00935	Yoruba	0.000010 0.000010 0.000010 0.000010 0.000010 0.000010 0.000010 0.999930
HGDP00940	Yoruba	0.000010 0.000010 0.000010 0.000010 0.000010 0.000010 0.000010 0.999930
HGDP00942	Yoruba	0.000010 0.000010 0.000010 0.000010 0.000010 0.000010 0.000010 0.999930
NA18852	Yoruba	0.000010 0.000010 0.000010 0.000010 0.000010 0.000010 0.000010 0.999930
NA18871	Yoruba	0.000010 0.000010 0.000010 0.000010 0.000010 0.000010 0.000010 0.999930
NA19137	Yoruba	0.000010 0.000010 0.000010 0.000010 0.000010 0.000010 0.000010 0.999930
NA19143	Yoruba	0.000010 0.000010 0.000010 0.000010 0.000010 0.000010 0.000010 0.999930
NA19160	Yoruba	0.000010 0.000010 0.000010 0.000010 0.000010 0.000010 0.000010 0.999930
NA19193	Yoruba	0.000010 0.000010 0.000010 0.000010 0.000010 0.000010 0.000010 0.999930
NA19201	Yoruba	0.000010 0.000010 0.000010 0.000010 0.000010 0.000010 0.000010 0.999930
NA19222	Yoruba	0.000010 0.000010 0.000010 0.000010 0.000010 0.000010 0.000010 0.999930
NA19127	Yoruba	0.000010 0.000010 0.000010 0.000010 0.000014 0.000010 0.000010 0.999926
NA19130	Yoruba	0.000010 0.000016 0.000010 0.000010 0.000010 0.000010 0.000010 0.999924
NA19119	Yoruba	0.000010 0.000012 0.000010 0.000440 0.000010 0.000010 0.000010 0.999499
HGDP00933	Yoruba	0.000010 0.000010 0.000010 0.000010 0.000518 0.000010 0.000010 0.999422
NA19101	Yoruba	0.000010 0.000574 0.000010 0.000010 0.000010 0.000010 0.000010 0.999366
HGDP00944	Yoruba	0.000011 0.000010 0.000010 0.000010 0.000108 0.000546 0.000010 0.999295
NA19204	Yoruba	0.000010 0.000010 0.000010 0.000010 0.000813 0.000010 0.000010 0.999127
NA18504	Yoruba	0.000010 0.000010 0.000010 0.000010 0.000879 0.000010 0.000010 0.999061
NA19116	Yoruba	0.000010 0.000010 0.000010 0.000010 0.001129 0.000010 0.000010 0.998811
NA18861	Yoruba	0.000010 0.000010 0.000010 0.000010 0.001429 0.000010 0.000010 0.998511
NA18858	Yoruba	0.000010 0.000010 0.000010 0.000010 0.001730 0.000010 0.000010 0.998210
HGDP00929	Yoruba	0.000010 0.000010 0.000010 0.000010 0.001800 0.000010 0.000010 0.998140
NA19207	Yoruba	0.000010 0.000010 0.000010 0.000010 0.002115 0.000010 0.000010 0.997825
HGDP00925	Yoruba	0.000245 0.002119 0.000010 0.000010 0.000010 0.000010 0.000010 0.997586
NA18856	Yoruba	0.000010 0.000010 0.000010 0.002398 0.000010 0.000010 0.000010 0.997542
HGDP00930	Yoruba	0.002739 0.000010 0.000010 0.000010 0.000094 0.000010 0.000010 0.997117
HGDP00943	Yoruba	0.000010 0.000010 0.000010 0.000010 0.003182 0.000010 0.000010 0.996758
NA19209	Yoruba	0.000010 0.000010 0.000010 0.000010 0.003704 0.000010 0.000010 0.996236
NA19171	Yoruba	0.000010 0.002682 0.000010 0.001143 0.000010 0.000010 0.000010 0.996125
NA19102	Yoruba	0.000010 0.000010 0.000010 0.000010 0.003774 0.000087 0.000010 0.996089
HGDP00937	Yoruba	0.000010 0.000010 0.000010 0.000010 0.004003 0.000010 0.000010 0.995937
HGDP00936	Yoruba	0.000010 0.000010 0.000010 0.000010 0.004405 0.000010 0.000010 0.995535
NA19099	Yoruba	0.000010 0.000010 0.000010 0.000010 0.004574 0.000010 0.000010 0.995366
NA19238	Yoruba	0.000010 0.000010 0.000010 0.001315 0.003018 0.001191 0.000010 0.994435
NA18522	Yoruba	0.000010 0.000010 0.000010 0.000010 0.005590 0.000010 0.000010 0.994350
NA19128	Yoruba	0.000010 0.000010 0.000010 0.000010 0.005793 0.000010 0.000010 0.994147
HGDP00941	Yoruba	0.000010 0.000010 0.000010 0.000010 0.005874 0.000010 0.000010 0.994066
HGDP00938	Yoruba	0.000010 0.000010 0.000010 0.000010 0.006277 0.000010 0.000010 0.993663
NA18859	Yoruba	0.000010 0.000010 0.000010 0.006665 0.000010 0.000010 0.000010 0.993275
NA18853	Yoruba	0.000010 0.000010 0.000010 0.000010 0.006682 0.000010 0.000010 0.993258
NA18508	Yoruba	0.000010 0.000010 0.000010 0.000010 0.006742 0.000010 0.000010 0.993198
HGDP00920	Yoruba	0.000010 0.000010 0.000010 0.000010 0.006938 0.000010 0.000010 0.993002
NA18505	Yoruba	0.000010 0.000010 0.000010 0.000010 0.007191 0.000010 0.000010 0.992749
NA19098	Yoruba	0.000010 0.000065 0.000690 0.006471 0.000014 0.000010 0.000010 0.992731
HGDP00932	Yoruba	0.000010 0.000010 0.000010 0.000010 0.007422 0.000010 0.000010 0.992518
HGDP00939	Yoruba	0.000077 0.000010 0.000010 0.000010 0.000010 0.007484 0.000010 0.992389
NA19239	Yoruba	0.000010 0.000010 0.000010 0.000010 0.007733 0.000010 0.000010 0.992207
NA18516	Yoruba	0.000010 0.000010 0.000010 0.000010 0.007859 0.000010 0.000010 0.992081
NA18870	Yoruba	0.000010 0.000010 0.000010 0.000010 0.008469 0.000010 0.000010 0.991471
NA18862	Yoruba	0.000010 0.000010 0.000010 0.000010 0.008513 0.000010 0.000010 0.991427
NA19131	Yoruba	0.000010 0.000010 0.000010 0.000010 0.009159 0.000010 0.000010 0.990781
NA19206	Yoruba	0.000010 0.000010 0.000010 0.000010 0.009521 0.000010 0.000010 0.990419
NA19138	Yoruba	0.000010 0.000010 0.000010 0.000010 0.010244 0.000010 0.000010 0.989696
NA18507	Yoruba	0.000010 0.004526 0.000010 0.000010 0.005880 0.000010 0.000010 0.989544
NA19223	Yoruba	0.000010 0.000010 0.000010 0.000010 0.011037 0.000010 0.000010 0.988903
NA18517	Yoruba	0.000010 0.002517 0.000010 0.000010 0.009001 0.000010 0.000010 0.988433
NA19093	Yoruba	0.000010 0.000010 0.002698 0.000010 0.009944 0.000010 0.000010 0.987308
NA19203	Yoruba	0.000010 0.000010 0.000010 0.000010 0.013657 0.000010 0.000010 0.986283
NA19141	Yoruba	0.000010 0.005403 0.000637 0.000010 0.007839 0.000010 0.000010 0.986082
NA19210	Yoruba	0.000010 0.000010 0.000010 0.000010 0.013994 0.000010 0.000010 0.985946
NA19144	Yoruba	0.000010 0.000010 0.000010 0.000010 0.014037 0.000010 0.000010 0.985903
NA19159	Yoruba	0.000010 0.001973 0.000010 0.000010 0.012646 0.000010 0.000010 0.985331
HGDP00931	Yoruba	0.000010 0.000010 0.000010 0.006283 0.008080 0.003124 0.000010 0.982473
NA18855	Yoruba	0.000010 0.004943 0.005657 0.002533 0.005807 0.000018 0.000010 0.981022
HGDP00924	Yoruba	0.000010 0.007426 0.000010 0.000010 0.011065 0.000479 0.000010 0.980990
HGDP00926	Yoruba	0.000010 0.000010 0.000010 0.000010 0.019107 0.000010 0.000010 0.980833
NA18501	Yoruba	0.000010 0.000010 0.000010 0.000010 0.021641 0.000010 0.000010 0.978299
NAM172	Khwe	0.000010 0.006176 0.032092 0.000010 0.374357 0.000010 0.000341 0.587004
BOT6.160	Khwe	0.000010 0.000010 0.028241 0.000010 0.395057 0.000010 0.000010 0.576652
NAM376	Khwe	0.009178 0.000010 0.022455 0.000351 0.399483 0.000010 0.000010 0.568503
NAM175	Khwe	0.000010 0.008690 0.020132 0.000010 0.403920 0.000010 0.000010 0.567218
NAM167	Khwe	0.000010 0.003182 0.034968 0.000012 0.399533 0.000010 0.000010 0.562276
NAM179	Khwe	0.000010 0.006478 0.036793 0.000010 0.412522 0.000010 0.000010 0.544167
BOT6.154	Khwe	0.010084 0.000010 0.024419 0.000010 0.427923 0.000010 0.001204 0.536340
BOT6.158	Khwe	0.006725 0.007074 0.006812 0.000010 0.437310 0.004027 0.002928 0.535114
NAM321	Nama	0.000010 0.009294 0.074602 0.000010 0.855981 0.000010 0.000010 0.060083
NAM325	Nama	0.000010 0.007997 0.069335 0.000010 0.822445 0.000010 0.000010 0.100183
NAM317	Nama	0.000010 0.000010 0.083165 0.000010 0.806791 0.000010 0.000010 0.109993
NAM445	Nama	0.003368 0.000010 0.118536 0.000010 0.770708 0.017755 0.000010 0.089603
NAM326	Nama	0.009927 0.000010 0.063202 0.000010 0.752618 0.000010 0.000010 0.174213
NAM299	Nama	0.015307 0.000942 0.118677 0.000010 0.737694 0.000010 0.015600 0.111759
NAM442	Nama	0.010540 0.006249 0.176083 0.000010 0.703134 0.000010 0.008627 0.095347
NAM429	Nama	0.007188 0.005782 0.076786 0.000010 0.699703 0.000010 0.004408 0.206112
NAM444	Nama	0.012121 0.003955 0.059406 0.000010 0.697847 0.000010 0.000010 0.226642
NAM304	Nama	0.000010 0.019887 0.227084 0.007873 0.662519 0.008701 0.003619 0.070308
NAM412	Nama	0.000010 0.000010 0.070164 0.000010 0.637524 0.000010 0.000010 0.292263
NAM415	Nama	0.000010 0.004931 0.137755 0.000010 0.592833 0.000010 0.007323 0.257128
NAM308	Nama	0.024712 0.010987 0.190332 0.008676 0.576103 0.000010 0.008498 0.180682
NAM448	Nama	0.054187 0.000010 0.227593 0.000010 0.529994 0.001962 0.004600 0.181643
NAM427	Nama	0.013316 0.004002 0.054419 0.001716 0.484048 0.000010 0.000010 0.442480
NAM424	Nama	0.023979 0.004786 0.055259 0.003850 0.420828 0.007996 0.000010 0.483292
BOT6.208	Shua	0.011198 0.000010 0.012651 0.000010 0.289888 0.002310 0.000010 0.683922
BOT6.199	Shua	0.000010 0.001423 0.038792 0.000010 0.368792 0.000010 0.012500 0.578463
BOT6.222	Shua	0.000010 0.000838 0.024596 0.000010 0.403350 0.000010 0.007481 0.563705
BOT6.196	Shua	0.001557 0.008206 0.048762 0.000010 0.385959 0.000010 0.000010 0.555487
BOT6.233	Shua	0.000010 0.000010 0.032497 0.000010 0.421749 0.000010 0.000010 0.545705
BOT6.235	Shua	0.000010 0.000010 0.042267 0.000010 0.418524 0.000010 0.000010 0.539159
BOT6.245	Shua	0.009886 0.000010 0.029886 0.000010 0.425698 0.008243 0.000010 0.526257
BOT6.200	Shua	0.016057 0.005673 0.023073 0.000010 0.428496 0.005755 0.000010 0.520926
BOT6.252	Shua	0.000164 0.001812 0.047008 0.000010 0.477519 0.000010 0.000010 0.473467
BOT6.417	Tswana	0.000010 0.000010 0.000010 0.000010 0.155250 0.002813 0.000010 0.841887
BOT6.413	Tswana	0.000010 0.000010 0.000010 0.000010 0.192184 0.000010 0.000010 0.807756
BOT6.460	Tswana	0.000010 0.000010 0.000010 0.000010 0.270947 0.000010 0.000010 0.728993
BOT6.476	Tswana	0.000010 0.000010 0.000010 0.000010 0.303915 0.000010 0.000010 0.696025
BOT6.475	Tswana	0.000010 0.000010 0.000010 0.001905 0.361649 0.000010 0.000010 0.636396
NAM370	Haiom	0.000010 0.000010 0.038211 0.000010 0.671906 0.000163 0.000010 0.289680
NAM371	Haiom	0.023381 0.000010 0.025670 0.000010 0.603541 0.000010 0.000010 0.347369
NAM369	Haiom	0.000010 0.004901 0.048936 0.000010 0.599872 0.000010 0.000010 0.346251
NAM211	Haiom	0.012959 0.009826 0.046003 0.000010 0.526449 0.000010 0.000010 0.404733
NAM232	Haiom	0.000010 0.007211 0.043115 0.000010 0.501877 0.000010 0.001334 0.446433
NAM217	Haiom	0.000010 0.002278 0.051492 0.000010 0.494987 0.002847 0.000010 0.448367
NAM209	Haiom	0.000010 0.000010 0.076413 0.003159 0.487283 0.000010 0.005895 0.427220
NAM296	Himba	0.000010 0.000010 0.000010 0.000010 0.071100 0.000010 0.000010 0.928840
NAM294	Himba	0.000010 0.000010 0.000010 0.000010 0.084317 0.000010 0.000010 0.915623
NAM401	Himba	0.000010 0.000010 0.000010 0.000010 0.095568 0.000010 0.000010 0.904372
NAM295	Himba	0.000010 0.000010 0.000010 0.000010 0.098973 0.000010 0.000010 0.900967
NAM246	Damara	0.000010 0.000010 0.000010 0.000010 0.049593 0.000010 0.000010 0.950347
NAM267	Damara	0.000010 0.000010 0.000010 0.000010 0.058078 0.000010 0.000010 0.941862
NAM262	Damara	0.000010 0.000010 0.000010 0.000010 0.059646 0.000010 0.000010 0.940294
NAM268	Damara	0.000010 0.000010 0.000010 0.000010 0.063418 0.000010 0.000010 0.936522
NAM452	Damara	0.001852 0.000010 0.000010 0.000010 0.064140 0.000010 0.000010 0.933957
NAM410	Damara	0.000010 0.000010 0.000010 0.000010 0.068561 0.000010 0.000010 0.931379
NAM259	Damara	0.000010 0.000010 0.000010 0.000010 0.070667 0.000010 0.000287 0.928996
NAM245	Damara	0.000010 0.000010 0.000010 0.000010 0.076020 0.000010 0.000010 0.923920
NAM399	Damara	0.000010 0.000253 0.000010 0.000010 0.077250 0.000010 0.000010 0.922447
NAM284	Damara	0.000010 0.000010 0.000010 0.000010 0.107476 0.000010 0.000010 0.892464
NAM395	Damara	0.000010 0.000010 0.018937 0.001626 0.142035 0.000010 0.000010 0.837362
NAM277	Damara	0.000010 0.000010 0.006324 0.000010 0.157057 0.000010 0.000010 0.836569
KGA017	Kgalagadi	0.000010 0.000010 0.000010 0.000010 0.310587 0.000010 0.000010 0.689353
KGA003	Kgalagadi	0.000010 0.000010 0.000010 0.000010 0.334211 0.000010 0.000010 0.665729
KGA004	Kgalagadi	0.000010 0.000010 0.000010 0.000010 0.366695 0.000010 0.000010 0.633245
BOT6.566	Kgalagadi	0.000010 0.000010 0.000010 0.000010 0.412971 0.000010 0.000010 0.586969
BOT6.004	Kgalagadi	0.000010 0.000010 0.000010 0.000010 0.516812 0.000010 0.000010 0.483128
Hadza002	Hadza	0.010058 0.009642 0.066198 0.000010 0.157757 0.010338 0.000010 0.745987
Hadza006	Hadza	0.022607 0.007555 0.075244 0.000010 0.148246 0.000010 0.005353 0.740975
Hadza008	Hadza	0.032134 0.009353 0.047871 0.000010 0.178036 0.008923 0.000010 0.723663
Hadza010	Hadza	0.028880 0.002738 0.074008 0.000010 0.161501 0.000010 0.009315 0.723537
Hadza013	Hadza	0.017072 0.001801 0.085161 0.002608 0.169362 0.000010 0.010469 0.713518
Hadza012	Hadza	0.022162 0.000010 0.078888 0.010430 0.175203 0.000010 0.004967 0.708330
Hadza003	Hadza	0.015994 0.017685 0.070023 0.001434 0.186394 0.004611 0.000010 0.703849
Hadza018	Hadza	0.051254 0.004744 0.066629 0.000010 0.189045 0.000010 0.000010 0.688298
Hadza011	Hadza	0.025783 0.009220 0.077103 0.000010 0.190211 0.000010 0.010562 0.687101
Hadza007	Hadza	0.015200 0.004013 0.080525 0.007158 0.200151 0.000010 0.012852 0.680091
Hadza001	Hadza	0.040189 0.013846 0.081399 0.000016 0.186242 0.000010 0.005081 0.673217
Hadza004	Hadza	0.016201 0.015742 0.070492 0.009736 0.221237 0.000010 0.000010 0.666573
Bar04	Hadza	0.036330 0.005280 0.070019 0.002311 0.207106 0.013521 0.004953 0.660479
Hadza019	Hadza	0.030655 0.005488 0.091725 0.000010 0.221348 0.000010 0.000010 0.650754
Bar08	Hadza	0.037344 0.015535 0.060251 0.003516 0.226179 0.003358 0.007077 0.646741
Hadza017	Hadza	0.040208 0.004880 0.081309 0.000010 0.223622 0.000010 0.003542 0.646419
Hadza020	Hadza	0.054771 0.010209 0.070940 0.000010 0.234980 0.000010 0.000010 0.629070
Hadza016	Hadza	0.035231 0.010818 0.063868 0.011420 0.242480 0.007540 0.000010 0.628633
Hadza005	Hadza	0.051967 0.013359 0.063104 0.002392 0.233830 0.000010 0.007669 0.627671
End08	Hadza	0.040931 0.013052 0.078284 0.000010 0.236247 0.000010 0.004708 0.626757
Bar10	Hadza	0.044382 0.011532 0.075013 0.004699 0.231194 0.000010 0.008705 0.624465
Bar13	Hadza	0.017338 0.007895 0.088792 0.016259 0.233387 0.000010 0.013217 0.623103
SA016	Khomani	0.000010 0.000010 0.000010 0.000010 0.948055 0.000010 0.000010 0.051885
SA047	Khomani	0.000010 0.000010 0.000010 0.000010 0.881142 0.000010 0.000010 0.118798
SA010	Khomani	0.000010 0.000010 0.001406 0.000010 0.878374 0.000010 0.000010 0.120170
SA063	Khomani	0.002164 0.000010 0.041597 0.000010 0.835355 0.000010 0.006616 0.114238
SA018	Khomani	0.002234 0.000010 0.000010 0.000010 0.804854 0.000010 0.000010 0.192861
SA1025	Khomani	0.009239 0.001401 0.019620 0.000010 0.760324 0.000010 0.000010 0.209386
SA078	Khomani	0.016273 0.003262 0.243929 0.014318 0.682060 0.014820 0.000010 0.025328
SA073	Khomani	0.022979 0.000010 0.062724 0.002054 0.673513 0.003040 0.022108 0.213572
SA064	Khomani	0.035353 0.007923 0.124174 0.009209 0.650095 0.006182 0.011320 0.155743
SA1004	Khomani	0.021848 0.000010 0.067941 0.009423 0.613042 0.000010 0.000010 0.287716
SA083	Khomani	0.084209 0.000010 0.219776 0.001627 0.599202 0.012483 0.021057 0.061636
BOT5.034	Gana	0.002886 0.005662 0.005039 0.000010 0.811989 0.000010 0.000010 0.174393
BOT6.259	Gana	0.000010 0.000010 0.023751 0.000414 0.765861 0.000294 0.000010 0.209649
BOT6.258	Gana	0.002565 0.000010 0.017585 0.000010 0.679991 0.000010 0.000066 0.299764
BOT6.264	Gana	0.011328 0.000010 0.005527 0.000010 0.630758 0.000010 0.000010 0.352348
BOT5.018	Gana	0.000010 0.000010 0.000010 0.000010 0.607005 0.000011 0.000010 0.392934
BOT5.026	Gana	0.002047 0.000019 0.001571 0.000012 0.577994 0.000010 0.000010 0.418338
BOT5.033	Gana	0.003462 0.000010 0.000010 0.000010 0.549289 0.000010 0.000010 0.447199
BOT5.036	Gana	0.000010 0.000010 0.000010 0.000010 0.532608 0.000010 0.000010 0.467332
BOT6.292	Tshwa	0.000010 0.000010 0.011599 0.006678 0.733773 0.000013 0.000010 0.247907
BOT6.279	Tshwa	0.000010 0.003705 0.005283 0.000010 0.589267 0.000142 0.000010 0.401572
BOT6.278	Tshwa	0.000010 0.000010 0.008716 0.000010 0.586643 0.000010 0.000010 0.404591
BOT6.274	Tshwa	0.001324 0.000010 0.017551 0.000010 0.576668 0.000010 0.000010 0.404417
BOT6.280	Tshwa	0.000010 0.000010 0.009661 0.000015 0.568272 0.000010 0.000010 0.422012
HGDP00986	Biaka	0.000010 0.000010 0.000010 0.000010 0.291131 0.000010 0.000010 0.708809
HGDP00472	Biaka	0.000010 0.000016 0.000010 0.000010 0.296334 0.000010 0.000161 0.703450
HGDP00460	Biaka	0.000010 0.000010 0.000010 0.000010 0.304299 0.000010 0.000010 0.695641
HGDP00466	Biaka	0.000010 0.000395 0.000010 0.000010 0.307671 0.000010 0.000010 0.691884
HGDP00469	Biaka	0.000010 0.000010 0.000010 0.000010 0.308376 0.000010 0.000010 0.691564
HGDP00475	Biaka	0.000010 0.000010 0.000010 0.000010 0.308687 0.000010 0.000010 0.691253
HGDP00459	Biaka	0.000010 0.000010 0.000010 0.000010 0.310989 0.000010 0.000010 0.688951
HGDP00457	Biaka	0.000010 0.000010 0.000010 0.000010 0.313207 0.000010 0.000010 0.686733
HGDP01090	Biaka	0.000010 0.000010 0.000010 0.000010 0.318556 0.000010 0.000010 0.681384
HGDP00470	Biaka	0.000010 0.000010 0.000010 0.000010 0.319502 0.000010 0.000010 0.680438
HGDP00454	Biaka	0.000010 0.000010 0.000010 0.000010 0.321425 0.000010 0.000010 0.678515
HGDP00985	Biaka	0.000010 0.000010 0.000010 0.000010 0.321827 0.000010 0.000010 0.678113
HGDP00464	Biaka	0.000019 0.000010 0.000010 0.000010 0.327735 0.000010 0.000010 0.672196
HGDP01094	Biaka	0.000010 0.000010 0.000010 0.000010 0.327844 0.000010 0.000010 0.672096
HGDP00465	Biaka	0.000010 0.000010 0.000010 0.000010 0.328041 0.000010 0.000010 0.671899
HGDP00473	Biaka	0.000010 0.000010 0.000010 0.000010 0.328940 0.000010 0.000010 0.671000
HGDP00458	Biaka	0.000010 0.000010 0.000010 0.000010 0.331097 0.000010 0.000010 0.668843
HGDP01086	Biaka	0.000010 0.001319 0.000010 0.001133 0.332530 0.000010 0.002661 0.662328
HGDP00461	Biaka	0.000010 0.000010 0.000010 0.000010 0.338294 0.000010 0.000010 0.661646
HGDP00455	Biaka	0.000010 0.000010 0.000010 0.000010 0.338739 0.000010 0.000010 0.661201
NAM129	Xuun	0.007707 0.000010 0.010667 0.000010 0.834501 0.000364 0.008691 0.138050
NAM119	Xuun	0.000010 0.005118 0.008399 0.000010 0.829105 0.004136 0.000010 0.153212
NAM115	Xuun	0.000010 0.000010 0.019238 0.000010 0.828604 0.000010 0.001748 0.150369
NAM361	Xuun	0.000010 0.000010 0.001952 0.000010 0.805894 0.000010 0.008785 0.183329
NAM188	Xuun	0.000010 0.000010 0.000944 0.000010 0.798720 0.000010 0.000010 0.200287
NAM191	Xuun	0.000010 0.003203 0.000010 0.000010 0.792835 0.000010 0.004983 0.198938
NAM201	Xuun	0.000010 0.000010 0.020294 0.000010 0.785225 0.000010 0.000010 0.194431
NAM107	Xuun	0.000010 0.000119 0.013925 0.000010 0.770262 0.001079 0.000010 0.214584
NAM109	Xuun	0.005873 0.000010 0.008882 0.000010 0.755393 0.000010 0.000010 0.229812
