Egypt9	Egyptian	0.000010 0.095380 0.113003 0.000010 0.000010 0.719136 0.000010 0.072441
Egypt12	Egyptian	0.001431 0.050360 0.123552 0.000010 0.000010 0.716874 0.013649 0.094114
Egypt17AQ176	Egyptian	0.013164 0.082508 0.104555 0.000010 0.000010 0.708114 0.008797 0.082841
Egypt9AQ172	Egyptian	0.012611 0.067714 0.114933 0.000010 0.000010 0.706972 0.000010 0.097740
Egypt15AQ172	Egyptian	0.007422 0.066093 0.125236 0.000010 0.000010 0.706966 0.006747 0.087516
Egypt7AQ172	Egyptian	0.000010 0.106648 0.088436 0.000010 0.000010 0.705853 0.000010 0.099023
Egypt3AQ172	Egyptian	0.008242 0.104379 0.113043 0.000010 0.000010 0.704179 0.000010 0.070127
Egypt8AT113	Egyptian	0.000010 0.084256 0.110162 0.000010 0.000010 0.703530 0.000010 0.102012
Egypt10	Egyptian	0.006193 0.071946 0.124784 0.000010 0.000010 0.703410 0.000010 0.093637
Egypt7	Egyptian	0.000010 0.085582 0.121857 0.011307 0.000010 0.701703 0.000010 0.079521
Egypt12AQ172	Egyptian	0.013055 0.085035 0.117367 0.000010 0.000010 0.701678 0.000010 0.082836
Egypt1AQ172	Egyptian	0.000305 0.099545 0.112616 0.000010 0.000010 0.695137 0.009964 0.082412
Egypt5AQ172	Egyptian	0.007435 0.112598 0.101840 0.000010 0.000010 0.691730 0.006551 0.079825
Egypt11	Egyptian	0.000010 0.070285 0.116451 0.003660 0.000010 0.690735 0.004892 0.113957
Egypt22TD21	Egyptian	0.012123 0.114026 0.093192 0.000010 0.000010 0.685912 0.000010 0.094717
Egypt9AQ177	Egyptian	0.009707 0.082647 0.098027 0.000011 0.000010 0.685754 0.000010 0.123834
Egypt3	Egyptian	0.002910 0.088887 0.105021 0.000010 0.000010 0.685370 0.000010 0.117781
Egypt1	Egyptian	0.009877 0.087141 0.130665 0.000010 0.000010 0.658630 0.000010 0.113657
MoroccanJew4692	Moroccan_Jew	0.003512 0.079003 0.059561 0.000010 0.000010 0.840601 0.004227 0.013076
MoroccanJew4789	Moroccan_Jew	0.000010 0.088291 0.040939 0.000010 0.000010 0.839223 0.005029 0.026488
MoroccanJew4683	Moroccan_Jew	0.000010 0.099218 0.058344 0.000010 0.000010 0.834510 0.000010 0.007888
MoroccanJew5126	Moroccan_Jew	0.000494 0.095079 0.045042 0.005968 0.000010 0.830204 0.000010 0.023194
MoroccanJew5168	Moroccan_Jew	0.002389 0.090157 0.068147 0.008635 0.000010 0.820999 0.000010 0.009654
MoroccanJew4634	Moroccan_Jew	0.000010 0.109262 0.050312 0.005624 0.000010 0.806432 0.006820 0.021531
Tunisian20C4	Tunisian	0.019130 0.000010 0.122501 0.000010 0.000010 0.737906 0.002645 0.117787
Tunisian20D4	Tunisian	0.007647 0.000028 0.091682 0.000010 0.000010 0.709396 0.006966 0.184261
Tunisian20A5	Tunisian	0.004488 0.011434 0.118797 0.000010 0.000010 0.705769 0.007516 0.151976
Tunisian20B4	Tunisian	0.002318 0.054790 0.089525 0.000010 0.000010 0.704477 0.012136 0.136733
Tunisian20F4	Tunisian	0.001592 0.013026 0.106855 0.000010 0.002621 0.698463 0.035492 0.141941
Tunisian20C1	Tunisian	0.000010 0.053041 0.122070 0.000010 0.000010 0.697638 0.000010 0.127212
Tunisian200000	Tunisian	0.004164 0.040469 0.116675 0.000010 0.000010 0.692050 0.010497 0.136125
Tunisian20D1	Tunisian	0.013344 0.007059 0.117897 0.000010 0.000010 0.687545 0.016172 0.157963
TunisianJew1763	Tunisian_Jew	0.009118 0.066139 0.057353 0.000010 0.000010 0.848333 0.000010 0.019028
TunisianJew1531	Tunisian_Jew	0.001452 0.081481 0.062817 0.000010 0.000010 0.839814 0.000010 0.014406
TunisianJew1421	Tunisian_Jew	0.000010 0.066151 0.071683 0.004371 0.000010 0.838319 0.000010 0.019446
TunisianJew1170	Tunisian_Jew	0.002664 0.087345 0.063414 0.000010 0.000010 0.834752 0.000010 0.011795
TunisianJew1544	Tunisian_Jew	0.002135 0.099092 0.070055 0.000010 0.000010 0.810193 0.000010 0.018494
TunisianJew1511	Tunisian_Jew	0.000136 0.099000 0.065655 0.000010 0.000010 0.808645 0.001038 0.025507
TunisianJew1507	Tunisian_Jew	0.008306 0.103989 0.071935 0.000010 0.000010 0.792910 0.000010 0.022830
LibyanJew1611	Libyan_Jew	0.011560 0.069708 0.063127 0.000010 0.000010 0.834275 0.000117 0.021193
LibyanJew1601	Libyan_Jew	0.014165 0.065002 0.069741 0.000010 0.000010 0.833015 0.002629 0.015428
LibyanJew1605	Libyan_Jew	0.012481 0.069314 0.068867 0.000010 0.000010 0.825720 0.000010 0.023587
LibyanJew1462	Libyan_Jew	0.000010 0.100644 0.064178 0.000010 0.000010 0.817961 0.000010 0.017178
LibyanJew1263	Libyan_Jew	0.000010 0.086588 0.061580 0.000010 0.000010 0.817496 0.000010 0.034296
LibyanJew1659	Libyan_Jew	0.000590 0.080250 0.075519 0.000010 0.003598 0.815355 0.000010 0.024669
LibyanJew1639	Libyan_Jew	0.002444 0.100062 0.072672 0.000010 0.000010 0.809334 0.000010 0.015458
LibyanJew1438	Libyan_Jew	0.009467 0.094450 0.071165 0.000010 0.000010 0.803725 0.002444 0.018729
LibyanJew1104	Libyan_Jew	0.007533 0.103775 0.079537 0.000010 0.000010 0.803274 0.005851 0.000010
HGDP01263	Mozabite	0.000010 0.000010 0.106709 0.000010 0.000010 0.755384 0.008590 0.129277
HGDP01255	Mozabite	0.002602 0.000010 0.083099 0.004816 0.000010 0.741972 0.000251 0.167240
HGDP01278	Mozabite	0.004127 0.000010 0.111402 0.000010 0.000010 0.729298 0.006318 0.148824
HGDP01275	Mozabite	0.000010 0.000010 0.109412 0.000010 0.000010 0.724879 0.009833 0.155836
HGDP01282	Mozabite	0.009273 0.000010 0.119820 0.000010 0.000010 0.724720 0.000010 0.146147
HGDP01258	Mozabite	0.000010 0.000010 0.116636 0.002688 0.000010 0.722185 0.001417 0.157045
HGDP01264	Mozabite	0.008270 0.002908 0.090441 0.000010 0.000010 0.720503 0.004082 0.173776
HGDP01280	Mozabite	0.002784 0.000010 0.104075 0.000010 0.000010 0.720060 0.000010 0.173040
HGDP01254	Mozabite	0.006941 0.000010 0.099940 0.000010 0.000010 0.718900 0.021551 0.152638
HGDP01272	Mozabite	0.000010 0.000010 0.104732 0.000010 0.000010 0.712647 0.019181 0.163399
HGDP01265	Mozabite	0.007843 0.000010 0.106384 0.000010 0.000010 0.712094 0.000010 0.173640
HGDP01256	Mozabite	0.000010 0.000010 0.100236 0.000010 0.000010 0.708832 0.002879 0.188013
HGDP01262	Mozabite	0.007301 0.000010 0.114847 0.000010 0.000010 0.707881 0.000010 0.169932
HGDP01253	Mozabite	0.003460 0.000010 0.133053 0.006251 0.000010 0.705793 0.000870 0.150554
HGDP01277	Mozabite	0.000010 0.000010 0.118059 0.000010 0.000010 0.704731 0.015555 0.161614
HGDP01268	Mozabite	0.020921 0.000010 0.124350 0.000010 0.000010 0.703348 0.000010 0.151342
HGDP01279	Mozabite	0.015518 0.000010 0.125319 0.000010 0.000010 0.695815 0.000010 0.163308
HGDP01276	Mozabite	0.003658 0.000010 0.120089 0.000010 0.000010 0.691437 0.000010 0.184776
HGDP01257	Mozabite	0.001339 0.000010 0.094932 0.000010 0.000010 0.688398 0.000010 0.215291
HGDP01259	Mozabite	0.018983 0.000010 0.088373 0.000010 0.000010 0.676859 0.011109 0.204646
HGDP01274	Mozabite	0.008037 0.000010 0.080979 0.000010 0.000010 0.658007 0.003692 0.249256
Algerian43A34	Algerian	0.017193 0.000010 0.096884 0.000010 0.000010 0.749070 0.000010 0.136813
Algerian43A13	Algerian	0.000102 0.007498 0.111319 0.010179 0.000010 0.700136 0.006610 0.164147
Algerian43A24	Algerian	0.005847 0.000010 0.097027 0.000010 0.000010 0.698485 0.014145 0.184466
Algerian43A21	Algerian	0.013795 0.015423 0.098896 0.000010 0.000010 0.694728 0.007703 0.169435
Algerian43A23	Algerian	0.024730 0.006884 0.093119 0.000010 0.000010 0.694657 0.005010 0.175580
Algerian43A32	Algerian	0.015109 0.000064 0.108309 0.000010 0.000010 0.676546 0.030855 0.169097
Algerian43A22	Algerian	0.014055 0.000010 0.107184 0.000010 0.000010 0.674565 0.023370 0.180796
SAH9	Saharawi	0.007304 0.000010 0.108582 0.000010 0.000010 0.690344 0.002521 0.191219
SAH21	Saharawi	0.009518 0.000152 0.109916 0.000010 0.000010 0.682383 0.001697 0.196314
SAH18	Saharawi	0.011807 0.000010 0.124839 0.000010 0.000010 0.681080 0.000010 0.182234
SAH24	Saharawi	0.007884 0.000010 0.120195 0.000010 0.000010 0.679583 0.009118 0.183190
SAH27	Saharawi	0.006276 0.000010 0.133955 0.000010 0.000010 0.665958 0.000010 0.193770
SAH34	Saharawi	0.000010 0.000010 0.107928 0.000010 0.000010 0.661667 0.004782 0.225583
EthiopianJew1831	Ethiopian_Jew	0.006277 0.014635 0.237677 0.000010 0.000010 0.458650 0.000010 0.282731
EthiopianJew1818	Ethiopian_Jew	0.014323 0.016694 0.223021 0.000010 0.001732 0.457014 0.000010 0.287195
EthiopianJew1574	Ethiopian_Jew	0.000010 0.025286 0.225150 0.000010 0.000010 0.454760 0.005784 0.288990
EthiopianJew1822	Ethiopian_Jew	0.009194 0.043142 0.217198 0.000010 0.004935 0.442108 0.010196 0.273217
EthiopianJew4690	Ethiopian_Jew	0.010062 0.032567 0.214007 0.000010 0.002047 0.436183 0.008133 0.296991
EthiopianJew1570	Ethiopian_Jew	0.000010 0.023226 0.241860 0.000010 0.007280 0.431811 0.025385 0.270419
EthiopianJew1804	Ethiopian_Jew	0.001287 0.048835 0.244594 0.000010 0.000010 0.428811 0.000010 0.276443
ADR20107	Oromo	0.010073 0.006047 0.247699 0.000010 0.009082 0.328288 0.008309 0.390493
ADR20112	Oromo	0.004261 0.036304 0.261300 0.000010 0.020253 0.321968 0.000010 0.355893
ADR20106	Oromo	0.001197 0.022868 0.270524 0.000010 0.000010 0.362434 0.000010 0.342948
ADR20109	Oromo	0.015798 0.036972 0.245669 0.000010 0.050168 0.314815 0.002960 0.333609
Ayodo_5S	Somali	0.017958 0.000010 0.250028 0.000010 0.000010 0.329052 0.002643 0.400290
Ayodo_69S	Somali	0.010286 0.000010 0.251788 0.000010 0.000010 0.327722 0.011230 0.398944
Ayodo_41S	Somali	0.003932 0.023420 0.271603 0.000010 0.000010 0.309945 0.002939 0.388141
Ayodo_35S	Somali	0.003117 0.009834 0.264781 0.000010 0.000010 0.329368 0.009146 0.383733
Ayodo_21S	Somali	0.010244 0.000010 0.255394 0.000010 0.006182 0.337420 0.010559 0.380181
Ayodo_34S	Somali	0.019792 0.022054 0.235188 0.000010 0.000522 0.343776 0.000010 0.378649
Ayodo_52S	Somali	0.004088 0.024944 0.250646 0.000010 0.006450 0.339333 0.000010 0.374519
Ayodo_81S	Somali	0.021946 0.000010 0.247103 0.000010 0.000010 0.350986 0.005834 0.374100
Ayodo_40S	Somali	0.002319 0.010071 0.237287 0.000010 0.000010 0.358877 0.018043 0.373382
Ayodo_23S	Somali	0.016853 0.029842 0.255079 0.000010 0.000010 0.331948 0.000010 0.366248
Ayodo_90S	Somali	0.020800 0.004209 0.260378 0.000010 0.000010 0.355004 0.000010 0.359579
Ayodo_43S	Somali	0.017586 0.026808 0.239346 0.000010 0.003678 0.344475 0.010608 0.357489
Ayodo_61S	Somali	0.000185 0.012095 0.270241 0.000010 0.014810 0.336405 0.022337 0.343918
GOR063	Datog	0.005895 0.003663 0.270773 0.000010 0.020800 0.234286 0.024905 0.439668
GOR067	Datog	0.012587 0.015705 0.283933 0.000010 0.023135 0.236509 0.000010 0.428111
GOR049	Datog	0.009593 0.000010 0.286879 0.002787 0.025227 0.243922 0.017952 0.413630
Ayodo_103M	Masai	0.000010 0.006521 0.201285 0.000010 0.026338 0.171543 0.011512 0.582781
NA21487	Masai	0.005289 0.041127 0.217788 0.000010 0.007228 0.164438 0.001550 0.562571
Ayodo_101M	Masai	0.008793 0.037256 0.250437 0.000010 0.010675 0.140725 0.000010 0.552094
NA21477	Masai	0.005154 0.014550 0.233109 0.000010 0.017544 0.169723 0.010421 0.549489
NA21490	Masai	0.008752 0.025628 0.248232 0.000010 0.006505 0.161257 0.001052 0.548563
NA21310	Masai	0.013549 0.021650 0.225592 0.000010 0.017894 0.181089 0.008780 0.531435
NA21581	Masai	0.012434 0.000010 0.239268 0.000409 0.022054 0.195407 0.000646 0.529771
NA21648	Masai	0.007915 0.010774 0.250657 0.002930 0.030635 0.174166 0.007042 0.515882
NA21425	Masai	0.006533 0.015874 0.228872 0.000010 0.025656 0.198666 0.013442 0.510948
NA21366	Masai	0.007810 0.025522 0.224043 0.000010 0.026760 0.198817 0.010037 0.507001
NA21302	Masai	0.000010 0.018218 0.232732 0.002751 0.037023 0.219700 0.003735 0.485831
NA21514	Masai	0.011528 0.044186 0.255755 0.000010 0.015138 0.204240 0.009065 0.460078
Ayodo_47K	Kikuyu	0.006871 0.011727 0.158561 0.000010 0.033826 0.112382 0.000305 0.676318
Ayodo_67K	Kikuyu	0.000010 0.000010 0.174365 0.000010 0.046262 0.122106 0.003630 0.653606
Ayodo_83K	Kikuyu	0.008841 0.000531 0.168754 0.000010 0.023798 0.150519 0.000010 0.647537
Ayodo_61K	Kikuyu	0.000010 0.000010 0.191406 0.000010 0.031888 0.132828 0.008570 0.635278
Sandawe021	Sandawe	0.000010 0.005821 0.190042 0.000010 0.069123 0.131025 0.000010 0.603959
Sandawe001	Sandawe	0.000010 0.013877 0.199675 0.012839 0.099024 0.120633 0.000010 0.553932
Sandawe023	Sandawe	0.000010 0.023047 0.221447 0.000028 0.090653 0.135755 0.005103 0.523957
Sandawe019	Sandawe	0.009973 0.021888 0.221314 0.000010 0.076414 0.153057 0.000010 0.517335
Sandawe012	Sandawe	0.009780 0.001424 0.225414 0.000010 0.090698 0.147930 0.018619 0.506124
Sandawe013	Sandawe	0.007574 0.000010 0.242442 0.002392 0.087001 0.150474 0.009795 0.500312
Sandawe003	Sandawe	0.000010 0.012569 0.239532 0.000010 0.098225 0.141607 0.008764 0.499283
Sandawe022	Sandawe	0.014955 0.007119 0.238412 0.000010 0.097347 0.138973 0.007345 0.495839
Sandawe005	Sandawe	0.000010 0.004742 0.236525 0.007813 0.111322 0.135270 0.012312 0.492005
Sandawe024	Sandawe	0.011686 0.004274 0.245862 0.000010 0.104244 0.144165 0.006127 0.483633
Sandawe002	Sandawe	0.007786 0.008547 0.248171 0.000777 0.125910 0.130536 0.000010 0.478263
Sandawe007	Sandawe	0.010937 0.012556 0.257706 0.006960 0.095299 0.139004 0.000010 0.477528
Sandawe014	Sandawe	0.009507 0.000567 0.232556 0.000010 0.115567 0.167116 0.000010 0.474667
Sandawe020	Sandawe	0.001648 0.005475 0.256679 0.000010 0.109924 0.139800 0.013212 0.473251
Sandawe009	Sandawe	0.004174 0.000108 0.248048 0.000010 0.117714 0.146312 0.012945 0.470690
Sandawe016	Sandawe	0.008434 0.000010 0.249592 0.000010 0.115164 0.156846 0.000010 0.469934
Sandawe025	Sandawe	0.006658 0.019291 0.241334 0.000010 0.113746 0.137158 0.012507 0.469296
Sandawe008	Sandawe	0.000010 0.018919 0.248215 0.000010 0.108824 0.138833 0.018933 0.466256
Sandawe027	Sandawe	0.009644 0.002066 0.257470 0.000010 0.109948 0.155832 0.000010 0.465021
Sandawe011	Sandawe	0.008347 0.000010 0.242639 0.000010 0.130858 0.160222 0.000010 0.457904
Sandawe006	Sandawe	0.008490 0.018842 0.238956 0.000010 0.123918 0.158839 0.000010 0.450935
Sandawe018	Sandawe	0.023834 0.006858 0.254400 0.000010 0.127929 0.136426 0.000010 0.450533
AD_505	AA	0.000010 0.003569 0.000010 0.000010 0.002174 0.091688 0.000010 0.902530
AD_511	AA	0.007008 0.000020 0.000010 0.000010 0.000010 0.092059 0.000010 0.900872
AD_510	AA	0.001619 0.000010 0.005953 0.010157 0.000010 0.114088 0.000010 0.868154
AD_015	AA	0.006261 0.002651 0.017766 0.007991 0.021941 0.089538 0.000010 0.853842
AD_006	AA	0.000010 0.003563 0.004432 0.007942 0.040307 0.083963 0.009887 0.849896
AD_064	AA	0.009632 0.000010 0.008572 0.011318 0.031248 0.098888 0.000010 0.840322
AD_500	AA	0.005728 0.000010 0.000010 0.040777 0.038123 0.076290 0.000010 0.839052
AD_061	AA	0.003451 0.018293 0.006075 0.025487 0.025668 0.111375 0.000010 0.809642
AD_066	AA	0.014904 0.012737 0.018456 0.000010 0.015591 0.143083 0.000010 0.795208
AD_076	AA	0.004389 0.000010 0.012453 0.028169 0.029274 0.151796 0.000010 0.773898
AD_523	AA	0.010576 0.009046 0.000010 0.014549 0.036177 0.163812 0.000010 0.765820
AD_512	AA	0.008257 0.027134 0.000010 0.032409 0.021774 0.475663 0.029726 0.405027
NA19023	Luhya	0.000010 0.003675 0.074449 0.002658 0.035132 0.004174 0.002113 0.877789
NA19026	Luhya	0.002682 0.000010 0.072531 0.000010 0.023084 0.027160 0.000010 0.874513
NA19017	Luhya	0.004060 0.000010 0.066988 0.000687 0.040163 0.015738 0.000010 0.872344
NA19019	Luhya	0.005268 0.000010 0.085334 0.002755 0.038458 0.016997 0.000010 0.851168
NA19044	Luhya	0.003109 0.003552 0.086697 0.000010 0.040205 0.019827 0.000010 0.846590
NA19024	Luhya	0.002528 0.000010 0.101108 0.000010 0.037696 0.017296 0.000010 0.841343
NA19020	Luhya	0.000010 0.009147 0.094793 0.000010 0.031962 0.027241 0.000010 0.836826
NA19027	Luhya	0.007987 0.006332 0.119773 0.000010 0.038116 0.030416 0.000010 0.797357
Ayodo_430C	Luo	0.001352 0.005802 0.089980 0.003859 0.021482 0.000010 0.010398 0.867117
Ayodo_423C	Luo	0.000010 0.002630 0.079324 0.004184 0.038672 0.011342 0.004909 0.858929
Ayodo_458C	Luo	0.003023 0.002249 0.085543 0.000010 0.042291 0.007447 0.001301 0.858137
Ayodo_412C	Luo	0.006148 0.002610 0.087095 0.000010 0.045692 0.003668 0.000010 0.854769
Ayodo_502C	Luo	0.004422 0.003773 0.119001 0.004802 0.013695 0.000010 0.000010 0.854288
Ayodo_460C	Luo	0.000010 0.000010 0.078899 0.016194 0.043164 0.005930 0.002375 0.853417
Ayodo_604C	Luo	0.000010 0.007645 0.092135 0.000010 0.043761 0.012749 0.000010 0.843680
Ayodo_438C	Luo	0.000010 0.015970 0.089927 0.000010 0.042197 0.015805 0.000010 0.836071
HGDP01405	BantuKenya	0.002513 0.000010 0.062874 0.000010 0.027755 0.010237 0.000010 0.896591
HGDP01414	BantuKenya	0.000010 0.000010 0.056507 0.004283 0.032805 0.008258 0.010836 0.887292
HGDP01419	BantuKenya	0.000010 0.000010 0.075423 0.000010 0.036440 0.011386 0.004623 0.872099
HGDP01408	BantuKenya	0.000010 0.005630 0.078881 0.000010 0.025756 0.021614 0.000010 0.868089
HGDP01417	BantuKenya	0.002748 0.000010 0.076473 0.000010 0.036409 0.021031 0.000010 0.863310
HGDP01418	BantuKenya	0.005005 0.001374 0.090003 0.003640 0.031742 0.010096 0.006639 0.851502
DNK09	Dinka	0.000010 0.010388 0.195201 0.004194 0.000010 0.003200 0.014246 0.772751
DNK11	Dinka	0.005395 0.011358 0.189563 0.000010 0.010879 0.000010 0.010772 0.772013
DNK03	Dinka	0.002313 0.015243 0.199217 0.000010 0.003031 0.000010 0.011058 0.769119
DNK06	Dinka	0.000013 0.019335 0.201657 0.008304 0.000010 0.005578 0.000010 0.765093
DNK15	Dinka	0.000010 0.022104 0.207322 0.008969 0.001940 0.000010 0.003593 0.756051
DNK05	Dinka	0.000010 0.008603 0.223136 0.007398 0.001385 0.000010 0.008719 0.750739
DNK07	Dinka	0.008207 0.014088 0.224519 0.000010 0.000010 0.000010 0.002827 0.750329
HG02464	Gambian	0.000010 0.000010 0.019152 0.000010 0.017406 0.004342 0.000010 0.959060
HG02570	Gambian	0.008112 0.000010 0.016683 0.000010 0.023748 0.000010 0.000010 0.951417
HG02571	Gambian	0.000010 0.002161 0.029695 0.000010 0.011241 0.008324 0.002460 0.946099
HG02465	Gambian	0.000010 0.005678 0.039861 0.000010 0.012186 0.000636 0.000010 0.941608
HG02574	Gambian	0.000010 0.000010 0.020049 0.000010 0.001246 0.043460 0.000010 0.935205
HG02573	Gambian	0.002197 0.000010 0.033252 0.000032 0.011803 0.021534 0.000010 0.931162
HGDP01028	BantuSA	0.000010 0.000010 0.004972 0.000010 0.075417 0.001682 0.005523 0.912376
HGDP01031	BantuSA	0.000010 0.000010 0.011408 0.000010 0.074530 0.009563 0.000010 0.904459
HGDP01035	BantuSA	0.000010 0.000010 0.012788 0.000010 0.103446 0.000010 0.000010 0.883716
HGDP01033	BantuSA	0.000010 0.000010 0.024977 0.000010 0.163217 0.000010 0.001367 0.810399
HGDP01034	BantuSA	0.000010 0.008801 0.033199 0.000010 0.212779 0.000010 0.000010 0.745181
HGDP00994	BantuSA	0.000010 0.000010 0.033325 0.000010 0.233065 0.000010 0.000010 0.733559
HGDP00993	BantuSA	0.000010 0.005722 0.029884 0.000010 0.239442 0.000010 0.000010 0.724913
HGDP01030	BantuSA	0.000010 0.000010 0.002045 0.000010 0.333208 0.000010 0.000010 0.664697
HG03085	Mende	0.000010 0.000010 0.000010 0.000134 0.043914 0.000010 0.000010 0.955902
HG03097	Mende	0.000010 0.000010 0.008480 0.000010 0.048121 0.000010 0.000010 0.943349
HG03052	Mende	0.000010 0.000010 0.002017 0.000010 0.055326 0.000010 0.000010 0.942607
HG03078	Mende	0.004486 0.000010 0.008941 0.004704 0.039440 0.000010 0.000010 0.942400
HG03057	Mende	0.000010 0.000010 0.027389 0.000010 0.032928 0.000010 0.000010 0.939632
HG03069	Mende	0.000010 0.004264 0.000010 0.000010 0.056793 0.000010 0.000010 0.938893
HG03076	Mende	0.000010 0.006839 0.023336 0.000842 0.038864 0.000010 0.000010 0.930089
HG03072	Mende	0.000010 0.000010 0.014910 0.003386 0.059156 0.001919 0.000010 0.920599
HGDP00904	Mandenka	0.001998 0.000320 0.013207 0.003279 0.001462 0.004226 0.000010 0.975498
HGDP00912	Mandenka	0.001553 0.000010 0.016952 0.000010 0.000010 0.004408 0.003566 0.973491
HGDP00907	Mandenka	0.000010 0.006232 0.007011 0.008817 0.000010 0.006878 0.000010 0.971032
HGDP00908	Mandenka	0.000010 0.011307 0.012699 0.000448 0.004393 0.000010 0.001058 0.970074
HGDP01286	Mandenka	0.000010 0.000010 0.007918 0.000010 0.012161 0.014015 0.000010 0.965866
HGDP00915	Mandenka	0.000010 0.015236 0.000583 0.000265 0.001469 0.016941 0.000010 0.965487
HGDP01284	Mandenka	0.000010 0.012036 0.007779 0.000010 0.014977 0.000010 0.000010 0.965168
HGDP01202	Mandenka	0.001758 0.000010 0.007495 0.000010 0.015014 0.013952 0.000010 0.961751
HGDP01199	Mandenka	0.000010 0.000010 0.027116 0.000010 0.002156 0.011937 0.000010 0.958751
HGDP00909	Mandenka	0.000010 0.010947 0.019586 0.000010 0.014343 0.000445 0.000010 0.954649
HGDP00913	Mandenka	0.000010 0.000010 0.022059 0.000010 0.012159 0.012779 0.000010 0.952964
HGDP00910	Mandenka	0.000010 0.000010 0.017707 0.000010 0.005220 0.024137 0.000010 0.952895
HGDP01200	Mandenka	0.000010 0.000010 0.018067 0.000010 0.008787 0.017076 0.003230 0.952809
HGDP01283	Mandenka	0.000010 0.000010 0.016857 0.000010 0.006426 0.024425 0.000010 0.952253
HGDP00917	Mandenka	0.000010 0.000010 0.030590 0.002071 0.000010 0.015146 0.005777 0.946386
HGDP00905	Mandenka	0.004553 0.004968 0.021778 0.000010 0.007519 0.018975 0.000010 0.942187
HGDP00906	Mandenka	0.004125 0.000010 0.022564 0.000931 0.011356 0.020517 0.000010 0.940487
NAM331	Wambo	0.000010 0.000010 0.007549 0.000010 0.055354 0.000010 0.000010 0.937046
NAM088	Wambo	0.000010 0.000010 0.018117 0.000010 0.046753 0.000010 0.000010 0.935080
NAM453	Wambo	0.000010 0.000010 0.005914 0.000010 0.060489 0.000010 0.000010 0.933547
NAM434	Wambo	0.000010 0.000730 0.002083 0.000010 0.064010 0.000010 0.000010 0.933137
NAM436	Wambo	0.002532 0.000010 0.022911 0.000010 0.052120 0.000010 0.000010 0.922397
HG02923	Esan	0.000010 0.000010 0.000010 0.000010 0.000010 0.000010 0.000010 0.999930
HG03100	Esan	0.000010 0.000010 0.000010 0.000010 0.003269 0.000010 0.000010 0.996671
HG03099	Esan	0.000010 0.000010 0.000010 0.000010 0.006187 0.000010 0.000010 0.993753
HG03108	Esan	0.000010 0.000010 0.007297 0.000010 0.008078 0.000010 0.000010 0.984575
HG03109	Esan	0.000010 0.002371 0.002177 0.000010 0.010857 0.000010 0.000010 0.984555
HG02943	Esan	0.000010 0.000010 0.006143 0.000010 0.012822 0.000010 0.000010 0.980985
HG02974	Esan	0.000010 0.000010 0.000010 0.000010 0.020521 0.000010 0.000010 0.979419
HG02922	Esan	0.000010 0.000010 0.000010 0.000010 0.024915 0.000010 0.000010 0.975025
HGDP00928	Yoruba	0.000010 0.000010 0.000010 0.000010 0.000010 0.000010 0.000010 0.999930
HGDP00936	Yoruba	0.000010 0.000010 0.000010 0.000010 0.000010 0.000010 0.000010 0.999930
NA18856	Yoruba	0.000010 0.000010 0.000010 0.000010 0.000010 0.000010 0.000010 0.999930
NA19130	Yoruba	0.000010 0.000010 0.000010 0.000010 0.000010 0.000010 0.000010 0.999930
NA18852	Yoruba	0.000010 0.000010 0.000010 0.000636 0.000010 0.000010 0.000010 0.999304
NA19099	Yoruba	0.000010 0.000010 0.000010 0.000010 0.000664 0.000010 0.000010 0.999276
NA19143	Yoruba	0.000010 0.000010 0.000010 0.000010 0.001695 0.000010 0.000010 0.998245
NA19160	Yoruba	0.000010 0.000010 0.001273 0.000010 0.000733 0.000010 0.000010 0.997945
HGDP00934	Yoruba	0.000786 0.000010 0.001977 0.000010 0.000010 0.000010 0.000010 0.997187
NA19127	Yoruba	0.000010 0.000010 0.000353 0.000010 0.002614 0.000010 0.000010 0.996983
NA19102	Yoruba	0.000010 0.003677 0.000010 0.000010 0.000010 0.000010 0.000010 0.996263
NA19119	Yoruba	0.000010 0.000010 0.005053 0.000010 0.000010 0.000010 0.000010 0.994887
NA19138	Yoruba	0.000010 0.000010 0.000010 0.000010 0.005216 0.000010 0.000010 0.994724
NA19098	Yoruba	0.004716 0.000010 0.000010 0.000010 0.001108 0.000010 0.000010 0.994126
NA18871	Yoruba	0.000010 0.000010 0.000010 0.000010 0.006362 0.000010 0.000010 0.993578
HGDP00944	Yoruba	0.000010 0.000010 0.000010 0.002370 0.004849 0.000010 0.000010 0.992732
HGDP00941	Yoruba	0.000010 0.000010 0.000010 0.000010 0.007874 0.000010 0.000010 0.992066
NA19207	Yoruba	0.000010 0.000010 0.004269 0.000010 0.003716 0.000010 0.000010 0.991965
NA19101	Yoruba	0.000010 0.000010 0.000010 0.000010 0.008012 0.000010 0.000010 0.991928
HGDP00943	Yoruba	0.000010 0.000010 0.006118 0.000010 0.002004 0.000010 0.000010 0.991828
HGDP00939	Yoruba	0.000010 0.000010 0.000010 0.008345 0.000010 0.000010 0.000010 0.991595
HGDP00937	Yoruba	0.000010 0.000010 0.000010 0.000010 0.008474 0.000010 0.000010 0.991466
HGDP00940	Yoruba	0.000010 0.000010 0.000010 0.000010 0.008932 0.000010 0.000010 0.991008
NA18516	Yoruba	0.000010 0.000010 0.007388 0.000010 0.002536 0.000010 0.000010 0.990026
HGDP00935	Yoruba	0.000010 0.000010 0.000010 0.000010 0.009987 0.000010 0.000010 0.989953
NA18870	Yoruba	0.000010 0.000010 0.000010 0.000010 0.010152 0.000010 0.000010 0.989788
NA19222	Yoruba	0.000010 0.000010 0.000010 0.000010 0.010775 0.000010 0.000010 0.989165
HGDP00933	Yoruba	0.000010 0.000010 0.010154 0.000010 0.001116 0.000010 0.000010 0.988680
NA18853	Yoruba	0.000010 0.000010 0.000010 0.000010 0.011375 0.000010 0.000010 0.988565
NA18862	Yoruba	0.000377 0.006270 0.005529 0.000010 0.000010 0.000010 0.000010 0.987784
HGDP00929	Yoruba	0.000010 0.000010 0.000010 0.000010 0.012297 0.000010 0.000010 0.987643
NA19204	Yoruba	0.000010 0.000010 0.000010 0.000010 0.012364 0.000010 0.000010 0.987576
HGDP00930	Yoruba	0.000010 0.000010 0.003273 0.001265 0.005619 0.000010 0.002548 0.987265
NA18858	Yoruba	0.000010 0.000010 0.007440 0.000010 0.005280 0.000010 0.000010 0.987229
HGDP00925	Yoruba	0.000010 0.000010 0.006603 0.000010 0.006611 0.000010 0.000010 0.986736
NA18501	Yoruba	0.003593 0.000010 0.000010 0.000010 0.009926 0.000010 0.000010 0.986430
NA19209	Yoruba	0.000010 0.000010 0.000201 0.000010 0.013489 0.000010 0.000010 0.986260
NA18522	Yoruba	0.000010 0.000010 0.001350 0.000010 0.012570 0.000010 0.000010 0.986031
HGDP00920	Yoruba	0.000010 0.000010 0.000010 0.000010 0.014969 0.000010 0.000010 0.984971
NA19206	Yoruba	0.000010 0.000010 0.000010 0.000010 0.014981 0.000010 0.000010 0.984959
HGDP00924	Yoruba	0.003105 0.000010 0.001140 0.000010 0.011531 0.000010 0.000010 0.984185
NA18507	Yoruba	0.000010 0.000010 0.001695 0.001796 0.012314 0.000010 0.000010 0.984155
NA19223	Yoruba	0.000010 0.000010 0.000010 0.000010 0.016070 0.000010 0.000010 0.983870
NA18505	Yoruba	0.000010 0.000010 0.000010 0.000010 0.016324 0.000010 0.000010 0.983616
NA18504	Yoruba	0.000010 0.000010 0.000450 0.000010 0.016367 0.000010 0.000010 0.983133
NA19137	Yoruba	0.000010 0.000010 0.000010 0.000010 0.017440 0.000010 0.000010 0.982500
NA18859	Yoruba	0.000010 0.000010 0.000010 0.004665 0.012810 0.000010 0.000010 0.982475
HGDP00942	Yoruba	0.000010 0.000010 0.000010 0.000010 0.017516 0.000010 0.000010 0.982424
NA19141	Yoruba	0.004268 0.000010 0.001367 0.000010 0.012377 0.000010 0.000010 0.981948
HGDP00932	Yoruba	0.000010 0.000010 0.005400 0.000010 0.012917 0.000010 0.000010 0.981634
NA19128	Yoruba	0.000010 0.000010 0.010006 0.000010 0.009111 0.000010 0.000010 0.980833
NA19201	Yoruba	0.000010 0.000010 0.014639 0.000010 0.005410 0.000010 0.000010 0.979901
NA18517	Yoruba	0.000010 0.000010 0.007243 0.000010 0.013678 0.000010 0.000010 0.979029
NA19131	Yoruba	0.000010 0.000011 0.017024 0.000010 0.004058 0.000010 0.000010 0.978867
NA18861	Yoruba	0.003995 0.001506 0.000010 0.000010 0.015779 0.000010 0.000010 0.978680
NA19116	Yoruba	0.000010 0.000010 0.000010 0.000010 0.021492 0.000010 0.000010 0.978448
NA19144	Yoruba	0.004475 0.000010 0.000010 0.000010 0.017251 0.000010 0.000010 0.978224
HGDP00931	Yoruba	0.000010 0.000010 0.013386 0.008338 0.000062 0.000010 0.000010 0.978173
NA19239	Yoruba	0.000010 0.000010 0.000010 0.000010 0.022189 0.000010 0.000010 0.977751
HGDP00938	Yoruba	0.000010 0.000010 0.007674 0.000010 0.014573 0.000010 0.000010 0.977702
NA19093	Yoruba	0.000010 0.000010 0.008406 0.000010 0.014010 0.000010 0.000010 0.977533
NA19203	Yoruba	0.005320 0.000010 0.000010 0.001068 0.016707 0.000010 0.000010 0.976864
NA19210	Yoruba	0.000010 0.000010 0.000010 0.000010 0.023606 0.000010 0.000010 0.976334
HGDP00926	Yoruba	0.000010 0.000010 0.003953 0.000010 0.020121 0.000010 0.000010 0.975877
NA18508	Yoruba	0.000010 0.000010 0.000010 0.000010 0.024838 0.000010 0.000010 0.975102
NA19171	Yoruba	0.002202 0.000010 0.012171 0.000725 0.012003 0.000010 0.000010 0.972869
NA18855	Yoruba	0.003166 0.002894 0.015871 0.000456 0.005679 0.000337 0.000010 0.971586
NA19193	Yoruba	0.000010 0.000010 0.016354 0.000010 0.012495 0.000010 0.000010 0.971102
NA19238	Yoruba	0.000010 0.000010 0.018811 0.000010 0.014242 0.000010 0.000010 0.966896
NA19159	Yoruba	0.006652 0.000010 0.014356 0.000010 0.022673 0.000010 0.000010 0.956279
NAM167	Khwe	0.000010 0.000010 0.050750 0.000010 0.385807 0.029714 0.000010 0.533690
NAM172	Khwe	0.004100 0.000010 0.081007 0.002238 0.360854 0.019943 0.000010 0.531840
BOT6.160	Khwe	0.000010 0.000010 0.069002 0.000010 0.380463 0.020567 0.000010 0.529929
NAM175	Khwe	0.000016 0.015269 0.083925 0.000010 0.376211 0.009983 0.000010 0.514577
NAM376	Khwe	0.000010 0.007062 0.066656 0.000010 0.407439 0.019733 0.000010 0.499080
NAM179	Khwe	0.000010 0.000010 0.085042 0.000010 0.387403 0.031047 0.000010 0.496468
BOT6.158	Khwe	0.006435 0.004676 0.059804 0.000010 0.420988 0.012508 0.004333 0.491246
BOT6.154	Khwe	0.002119 0.000014 0.060977 0.000010 0.425567 0.024805 0.005155 0.481355
NAM321	Nama	0.007795 0.000010 0.091240 0.000010 0.832001 0.068924 0.000010 0.000010
NAM325	Nama	0.006299 0.000010 0.103727 0.000010 0.796186 0.058223 0.000010 0.035535
NAM317	Nama	0.000010 0.001576 0.112728 0.000010 0.767414 0.071108 0.000010 0.047144
NAM445	Nama	0.006622 0.000010 0.115452 0.000010 0.741391 0.107455 0.011098 0.017962
NAM326	Nama	0.000010 0.000010 0.091036 0.000010 0.734762 0.056993 0.000010 0.117169
NAM299	Nama	0.000010 0.002377 0.114000 0.003388 0.701275 0.126910 0.000010 0.052031
NAM429	Nama	0.006998 0.006613 0.086888 0.004046 0.677204 0.058765 0.002680 0.156807
NAM442	Nama	0.005557 0.000010 0.088129 0.002841 0.673050 0.179239 0.005556 0.045618
NAM444	Nama	0.003194 0.000010 0.093012 0.001412 0.671648 0.050458 0.003522 0.176742
NAM304	Nama	0.008701 0.000010 0.065988 0.006072 0.630257 0.228164 0.004006 0.056803
NAM412	Nama	0.000010 0.000010 0.084732 0.000010 0.613292 0.067163 0.000010 0.234773
NAM415	Nama	0.003837 0.012911 0.067924 0.000721 0.567509 0.123375 0.000010 0.223712
NAM308	Nama	0.015028 0.027554 0.093636 0.001013 0.561118 0.181084 0.009161 0.111406
NAM448	Nama	0.005036 0.027428 0.067633 0.010474 0.513996 0.227119 0.002936 0.145378
NAM427	Nama	0.005452 0.007093 0.068672 0.000891 0.467021 0.049554 0.000010 0.401308
NAM424	Nama	0.008313 0.018828 0.042898 0.012828 0.402317 0.049318 0.000010 0.465489
BOT6.208	Shua	0.000014 0.000971 0.037611 0.000010 0.285692 0.015436 0.000010 0.660255
BOT6.199	Shua	0.000010 0.000010 0.063447 0.000010 0.349841 0.044811 0.000010 0.541861
BOT6.196	Shua	0.006271 0.000010 0.066881 0.000010 0.366201 0.040046 0.000010 0.520571
BOT6.233	Shua	0.003880 0.000010 0.059531 0.000010 0.413282 0.022390 0.000010 0.500887
BOT6.222	Shua	0.008460 0.017582 0.077194 0.000010 0.396723 0.011678 0.000010 0.488344
BOT6.200	Shua	0.000010 0.006516 0.061416 0.000010 0.417082 0.029071 0.002258 0.483638
BOT6.235	Shua	0.000010 0.000010 0.077093 0.000010 0.411760 0.035030 0.000010 0.476077
BOT6.245	Shua	0.003542 0.000010 0.083296 0.000010 0.406846 0.033299 0.000010 0.472987
BOT6.252	Shua	0.000010 0.000010 0.082638 0.000010 0.442589 0.043988 0.000010 0.430746
BOT6.417	Tswana	0.000010 0.000010 0.018837 0.000010 0.148468 0.000010 0.000010 0.832645
BOT6.413	Tswana	0.000010 0.000010 0.023294 0.000010 0.193719 0.000010 0.000010 0.782937
BOT6.460	Tswana	0.000010 0.000010 0.000010 0.000010 0.276405 0.000010 0.000010 0.723535
BOT6.476	Tswana	0.000010 0.000010 0.026273 0.000010 0.300052 0.000010 0.000010 0.673624
BOT6.475	Tswana	0.000010 0.000010 0.006828 0.000010 0.367032 0.000010 0.000010 0.626091
NAM370	Haiom	0.000010 0.000010 0.077810 0.000012 0.648994 0.029068 0.000010 0.244086
NAM371	Haiom	0.001600 0.024088 0.078009 0.000014 0.586875 0.015118 0.000010 0.294286
NAM369	Haiom	0.014238 0.000010 0.079147 0.000010 0.563531 0.034414 0.000010 0.308640
NAM211	Haiom	0.005501 0.012173 0.096458 0.000010 0.514255 0.039377 0.000010 0.332215
NAM232	Haiom	0.016941 0.000010 0.077601 0.000010 0.494151 0.029054 0.000010 0.382223
NAM217	Haiom	0.000010 0.001208 0.080876 0.000010 0.484311 0.044471 0.000010 0.389105
NAM209	Haiom	0.003518 0.000010 0.102396 0.000010 0.465452 0.069709 0.000010 0.358895
NAM296	Himba	0.000010 0.000010 0.008372 0.000010 0.057395 0.000010 0.000010 0.934183
NAM294	Himba	0.000010 0.000010 0.029487 0.000010 0.066933 0.000010 0.000010 0.903530
NAM401	Himba	0.000010 0.000010 0.002060 0.000570 0.094170 0.000010 0.000010 0.903160
NAM295	Himba	0.000880 0.000010 0.030473 0.000010 0.095281 0.000010 0.000010 0.873327
NAM246	Damara	0.000010 0.000010 0.001473 0.000010 0.060682 0.000010 0.000010 0.937794
NAM410	Damara	0.000279 0.000010 0.000884 0.000010 0.061805 0.000010 0.000010 0.936992
NAM268	Damara	0.000010 0.000010 0.008037 0.000010 0.059317 0.000010 0.000010 0.932596
NAM267	Damara	0.000010 0.000010 0.012537 0.000010 0.057763 0.000010 0.000010 0.929650
NAM245	Damara	0.000010 0.000010 0.003377 0.000010 0.068558 0.000010 0.000010 0.928015
NAM262	Damara	0.000010 0.000010 0.024041 0.000010 0.049122 0.000010 0.000010 0.926787
NAM259	Damara	0.001089 0.000010 0.021439 0.000010 0.063081 0.000010 0.000010 0.914351
NAM452	Damara	0.000010 0.000010 0.018614 0.000010 0.076897 0.000010 0.000010 0.904439
NAM399	Damara	0.000010 0.000010 0.027937 0.000010 0.068832 0.000010 0.000010 0.903181
NAM284	Damara	0.000177 0.000010 0.013866 0.000010 0.096368 0.002631 0.000010 0.886928
NAM277	Damara	0.000010 0.000428 0.023392 0.000010 0.151545 0.002905 0.000010 0.821700
NAM395	Damara	0.000010 0.000010 0.002544 0.000509 0.159467 0.017350 0.000594 0.819515
KGA017	Kgalagadi	0.000010 0.000010 0.011256 0.000010 0.298664 0.000010 0.000010 0.690029
KGA003	Kgalagadi	0.000010 0.000010 0.024556 0.000010 0.331585 0.000010 0.000010 0.643808
KGA004	Kgalagadi	0.000010 0.000010 0.026629 0.000010 0.367013 0.000010 0.000010 0.606309
BOT6.566	Kgalagadi	0.000010 0.000010 0.026949 0.000010 0.409966 0.000010 0.000010 0.563035
BOT6.004	Kgalagadi	0.000010 0.000010 0.017028 0.000010 0.503693 0.000010 0.000010 0.479230
Bar10	Hadza	0.000010 0.000010 0.999930 0.000010 0.000010 0.000010 0.000010 0.000010
End08	Hadza	0.000010 0.000010 0.999930 0.000010 0.000010 0.000010 0.000010 0.000010
Hadza005	Hadza	0.000010 0.000010 0.999930 0.000010 0.000010 0.000010 0.000010 0.000010
Hadza016	Hadza	0.000010 0.000010 0.999930 0.000010 0.000010 0.000010 0.000010 0.000010
Hadza020	Hadza	0.000010 0.000010 0.999930 0.000010 0.000010 0.000010 0.000010 0.000010
Bar13	Hadza	0.000010 0.000010 0.997577 0.000010 0.002363 0.000010 0.000010 0.000010
Hadza019	Hadza	0.000010 0.000010 0.972923 0.000010 0.027017 0.000010 0.000010 0.000010
Bar08	Hadza	0.000010 0.000010 0.933166 0.000010 0.066774 0.000010 0.000010 0.000010
Hadza004	Hadza	0.000010 0.000010 0.861530 0.000010 0.077422 0.000010 0.000010 0.060998
Bar04	Hadza	0.000010 0.000010 0.859846 0.000010 0.067723 0.000010 0.000010 0.072380
Hadza018	Hadza	0.000010 0.000010 0.855489 0.000010 0.028925 0.000010 0.000010 0.115536
Hadza001	Hadza	0.000010 0.000010 0.841799 0.000010 0.048343 0.000010 0.000010 0.109808
Hadza003	Hadza	0.000010 0.000010 0.819862 0.000010 0.057308 0.000010 0.000010 0.122780
Hadza017	Hadza	0.000010 0.000010 0.778806 0.000010 0.091905 0.000010 0.000010 0.129239
Hadza007	Hadza	0.000010 0.000010 0.744369 0.000010 0.078957 0.000010 0.000010 0.176624
Hadza012	Hadza	0.002373 0.000010 0.731777 0.000010 0.071603 0.000010 0.000010 0.194207
Hadza010	Hadza	0.000010 0.000010 0.705229 0.000010 0.048004 0.000010 0.000010 0.246718
Hadza008	Hadza	0.000010 0.000010 0.701604 0.000010 0.055581 0.000010 0.000010 0.242766
Hadza011	Hadza	0.000619 0.000010 0.661796 0.000010 0.073253 0.003668 0.000010 0.260635
Hadza013	Hadza	0.000010 0.000010 0.645179 0.010646 0.060205 0.008654 0.000010 0.275285
Hadza002	Hadza	0.000010 0.000010 0.636006 0.000010 0.045845 0.000010 0.000010 0.318099
Hadza006	Hadza	0.000010 0.000010 0.621642 0.000010 0.034323 0.015716 0.000010 0.328279
SA016	Khomani	0.000010 0.000010 0.031430 0.000010 0.924007 0.000010 0.000010 0.044513
SA047	Khomani	0.000010 0.000010 0.018050 0.000010 0.873451 0.000010 0.000010 0.108449
SA010	Khomani	0.000010 0.000010 0.039121 0.000010 0.855930 0.001848 0.000010 0.103061
SA063	Khomani	0.000010 0.000010 0.089753 0.000010 0.795268 0.030572 0.001124 0.083253
SA018	Khomani	0.000010 0.000010 0.071186 0.000010 0.783586 0.000010 0.000010 0.145178
SA1025	Khomani	0.006088 0.003107 0.036513 0.000010 0.740464 0.019217 0.000010 0.194591
SA078	Khomani	0.000010 0.007714 0.039503 0.022268 0.665431 0.242844 0.012481 0.009749
SA073	Khomani	0.015115 0.005733 0.058532 0.000010 0.650858 0.064855 0.017320 0.187577
SA064	Khomani	0.008302 0.027864 0.064353 0.020761 0.630779 0.123453 0.008926 0.115562
SA1004	Khomani	0.004014 0.017062 0.063498 0.014990 0.589470 0.057866 0.000010 0.253091
SA083	Khomani	0.007819 0.071987 0.076500 0.004424 0.581278 0.227031 0.021102 0.009859
BOT5.034	Gana	0.004325 0.005667 0.049475 0.000010 0.795856 0.000010 0.000010 0.144646
BOT6.259	Gana	0.000010 0.000295 0.049301 0.000010 0.737974 0.016508 0.000010 0.195892
BOT6.258	Gana	0.000178 0.000010 0.064545 0.000010 0.654996 0.020569 0.000010 0.259682
BOT6.264	Gana	0.000010 0.010142 0.033573 0.000010 0.608500 0.000010 0.000010 0.347745
BOT5.018	Gana	0.000010 0.000010 0.039162 0.000010 0.607058 0.000010 0.000010 0.353731
BOT5.026	Gana	0.001301 0.003139 0.033394 0.000010 0.561083 0.001223 0.000010 0.399841
BOT5.036	Gana	0.000010 0.000010 0.012139 0.000010 0.536604 0.000010 0.000010 0.451207
BOT5.033	Gana	0.000010 0.000012 0.027136 0.000010 0.531697 0.000062 0.000010 0.441062
BOT6.292	Tshwa	0.003224 0.000010 0.058293 0.000010 0.702509 0.012857 0.000010 0.223087
BOT6.278	Tshwa	0.000189 0.000010 0.044976 0.003660 0.581544 0.001452 0.000010 0.368158
BOT6.279	Tshwa	0.000554 0.003978 0.049109 0.000010 0.572527 0.008110 0.000010 0.365702
BOT6.274	Tshwa	0.000010 0.000613 0.067784 0.002025 0.566177 0.014031 0.005405 0.343955
BOT6.280	Tshwa	0.004394 0.000010 0.058416 0.000010 0.552177 0.003637 0.000010 0.381346
HGDP00986	Biaka	0.000010 0.000010 0.012260 0.000010 0.302137 0.000010 0.000010 0.685554
HGDP00457	Biaka	0.000010 0.000010 0.016246 0.000010 0.306944 0.000010 0.000010 0.676759
HGDP00460	Biaka	0.000010 0.000010 0.029636 0.000010 0.293578 0.000010 0.000010 0.676735
HGDP00472	Biaka	0.000779 0.000010 0.018977 0.000010 0.302148 0.000010 0.002505 0.675561
HGDP01090	Biaka	0.000010 0.000010 0.010254 0.000010 0.315557 0.000010 0.000010 0.674139
HGDP00470	Biaka	0.000010 0.000010 0.015410 0.000010 0.311654 0.000010 0.000010 0.672886
HGDP00464	Biaka	0.000010 0.000010 0.011116 0.000010 0.316869 0.000010 0.000010 0.671964
HGDP00465	Biaka	0.000010 0.000010 0.003125 0.000010 0.326733 0.000010 0.000010 0.670092
HGDP01094	Biaka	0.000010 0.000010 0.012902 0.000010 0.318350 0.000010 0.000010 0.668698
HGDP00459	Biaka	0.000010 0.000010 0.020641 0.000010 0.313398 0.000010 0.000010 0.665911
HGDP00475	Biaka	0.000010 0.000010 0.023137 0.000010 0.312329 0.000010 0.000010 0.664484
HGDP00985	Biaka	0.000010 0.000010 0.019706 0.000010 0.317021 0.000010 0.000010 0.663223
HGDP00466	Biaka	0.000010 0.000010 0.013630 0.000010 0.324305 0.000010 0.000010 0.662015
HGDP00454	Biaka	0.000010 0.000010 0.023602 0.000010 0.316257 0.000010 0.000010 0.660091
HGDP00473	Biaka	0.000010 0.000010 0.022386 0.000010 0.318730 0.000010 0.000010 0.658834
HGDP01086	Biaka	0.001948 0.000069 0.012380 0.000010 0.329840 0.000010 0.000010 0.655734
HGDP00461	Biaka	0.000010 0.000010 0.000010 0.000010 0.346650 0.000010 0.000010 0.653290
HGDP00458	Biaka	0.000010 0.000010 0.016423 0.000010 0.331009 0.000010 0.000010 0.652518
HGDP00455	Biaka	0.000010 0.000010 0.020595 0.000064 0.328229 0.000010 0.000010 0.651072
HGDP00469	Biaka	0.000010 0.000010 0.031332 0.000010 0.319279 0.000010 0.000010 0.649340
NAM115	Xuun	0.000010 0.000303 0.063581 0.000010 0.820094 0.002093 0.006592 0.107317
NAM119	Xuun	0.000010 0.000897 0.042665 0.000010 0.814530 0.013452 0.000010 0.128426
NAM129	Xuun	0.000010 0.008912 0.062645 0.001762 0.806806 0.002649 0.000010 0.117206
NAM361	Xuun	0.000010 0.000010 0.057175 0.000010 0.786768 0.000010 0.002282 0.153734
NAM188	Xuun	0.000010 0.000010 0.051558 0.000010 0.777321 0.000010 0.000010 0.171070
NAM191	Xuun	0.000515 0.000010 0.041934 0.001801 0.760344 0.000010 0.000010 0.195375
NAM201	Xuun	0.000010 0.000010 0.075400 0.000010 0.758746 0.006170 0.011234 0.148420
NAM107	Xuun	0.000010 0.000010 0.060828 0.000010 0.756779 0.004188 0.004032 0.174143
NAM109	Xuun	0.000010 0.005125 0.073278 0.000010 0.731767 0.006056 0.001635 0.182119
