Egypt9	Egyptian	0.091358 0.001492 0.751330 0.000010 0.009709 0.000010 0.000010 0.146080
Egypt10	Egyptian	0.063367 0.010347 0.735938 0.000010 0.008377 0.000010 0.004784 0.177167
Egypt7	Egyptian	0.081289 0.000010 0.732687 0.000010 0.000010 0.000010 0.020912 0.165072
Egypt17AQ176	Egyptian	0.069303 0.004106 0.731695 0.000010 0.000099 0.000010 0.036215 0.158562
Egypt7AQ172	Egyptian	0.105734 0.000010 0.728760 0.000010 0.000010 0.000010 0.007389 0.158077
Egypt3AQ172	Egyptian	0.098346 0.016048 0.728637 0.000010 0.000010 0.000010 0.001557 0.155382
Egypt12	Egyptian	0.074669 0.002678 0.726097 0.000010 0.000010 0.000010 0.013913 0.182614
Egypt9AQ172	Egyptian	0.086870 0.010420 0.721758 0.000010 0.000010 0.000010 0.004645 0.176277
Egypt15AQ172	Egyptian	0.075302 0.006041 0.719085 0.000010 0.000010 0.000010 0.027749 0.171792
Egypt12AQ172	Egyptian	0.082786 0.010974 0.714722 0.000010 0.000010 0.000010 0.021987 0.169500
Egypt1AQ172	Egyptian	0.095973 0.000724 0.714148 0.000010 0.000010 0.000010 0.015635 0.173491
Egypt9AQ177	Egyptian	0.076541 0.007640 0.712421 0.000010 0.000010 0.000010 0.016474 0.186895
Egypt5AQ172	Egyptian	0.118862 0.003885 0.709275 0.000010 0.000010 0.000010 0.009059 0.158889
Egypt3	Egyptian	0.071798 0.000010 0.705401 0.000010 0.008642 0.000010 0.031494 0.182635
Egypt22TD21	Egyptian	0.111373 0.012664 0.705308 0.000010 0.000010 0.000010 0.004041 0.166584
Egypt8AT113	Egyptian	0.096112 0.000010 0.701053 0.000010 0.000360 0.000010 0.005868 0.196577
Egypt11	Egyptian	0.089576 0.000010 0.691161 0.000010 0.000010 0.000010 0.016864 0.202359
Egypt1	Egyptian	0.075700 0.005209 0.690712 0.000010 0.000010 0.000010 0.014470 0.213879
MoroccanJew4692	Moroccan_Jew	0.083286 0.000010 0.854467 0.000010 0.000010 0.000010 0.014696 0.047511
MoroccanJew4683	Moroccan_Jew	0.109712 0.012959 0.835611 0.000010 0.000010 0.000010 0.000010 0.041678
MoroccanJew5126	Moroccan_Jew	0.092978 0.007201 0.834652 0.009048 0.000010 0.000010 0.004025 0.052077
MoroccanJew4789	Moroccan_Jew	0.092914 0.000010 0.827644 0.000010 0.004065 0.000010 0.029711 0.045636
MoroccanJew5168	Moroccan_Jew	0.095119 0.000010 0.825310 0.007990 0.000010 0.000010 0.014847 0.056703
MoroccanJew4634	Moroccan_Jew	0.108568 0.003233 0.821666 0.000924 0.002066 0.008383 0.000010 0.055150
Tunisian20C4	Tunisian	0.000010 0.016761 0.753198 0.000010 0.000010 0.000010 0.015564 0.214438
Tunisian20C1	Tunisian	0.048105 0.000010 0.721264 0.000010 0.000010 0.000010 0.020155 0.210436
Tunisian20F4	Tunisian	0.017722 0.000010 0.720725 0.000010 0.009047 0.000010 0.038594 0.213883
Tunisian20B4	Tunisian	0.051058 0.003622 0.716360 0.000010 0.000010 0.000010 0.031694 0.197235
Tunisian20D4	Tunisian	0.022069 0.006450 0.714814 0.000010 0.000010 0.000010 0.005839 0.250799
Tunisian200000	Tunisian	0.037420 0.000010 0.709752 0.000010 0.000010 0.000010 0.027495 0.225294
Tunisian20D1	Tunisian	0.020763 0.005238 0.706254 0.000010 0.000010 0.000010 0.033740 0.233975
Tunisian20A5	Tunisian	0.029048 0.003083 0.695836 0.000010 0.000010 0.000010 0.027159 0.244844
TunisianJew1763	Tunisian_Jew	0.061147 0.004478 0.864874 0.000010 0.000010 0.000010 0.011189 0.058281
TunisianJew1531	Tunisian_Jew	0.087469 0.005526 0.853341 0.000010 0.000010 0.000010 0.000010 0.053625
TunisianJew1170	Tunisian_Jew	0.088660 0.002679 0.849591 0.000010 0.002624 0.009131 0.001634 0.045671
TunisianJew1421	Tunisian_Jew	0.078936 0.006766 0.846576 0.005248 0.000010 0.000010 0.000010 0.062445
TunisianJew1544	Tunisian_Jew	0.089552 0.004953 0.836548 0.000010 0.000010 0.001060 0.020668 0.047200
TunisianJew1507	Tunisian_Jew	0.105905 0.000010 0.824054 0.000010 0.000010 0.000010 0.002071 0.067930
TunisianJew1511	Tunisian_Jew	0.109006 0.000010 0.812821 0.000010 0.000010 0.000010 0.016218 0.061915
LibyanJew1611	Libyan_Jew	0.080956 0.007042 0.839485 0.000010 0.010193 0.000010 0.018876 0.043428
LibyanJew1605	Libyan_Jew	0.081232 0.009348 0.837335 0.003078 0.000010 0.000010 0.000010 0.068977
LibyanJew1659	Libyan_Jew	0.085929 0.000010 0.829793 0.000010 0.013819 0.000010 0.008305 0.062124
LibyanJew1263	Libyan_Jew	0.103784 0.000914 0.827066 0.000010 0.000010 0.000010 0.002171 0.066036
LibyanJew1601	Libyan_Jew	0.086983 0.008026 0.825650 0.000010 0.000010 0.003046 0.015119 0.061156
LibyanJew1438	Libyan_Jew	0.094698 0.006630 0.825324 0.000010 0.008618 0.000010 0.010576 0.054135
LibyanJew1462	Libyan_Jew	0.096516 0.004988 0.824594 0.000010 0.000010 0.000010 0.008220 0.065653
LibyanJew1104	Libyan_Jew	0.117279 0.003805 0.817620 0.000010 0.000010 0.000010 0.012220 0.049046
LibyanJew1639	Libyan_Jew	0.113093 0.000010 0.817038 0.000010 0.000010 0.000010 0.013342 0.056487
HGDP01263	Mozabite	0.000010 0.015388 0.767864 0.000010 0.000010 0.000010 0.015318 0.201390
HGDP01255	Mozabite	0.003918 0.009686 0.751243 0.005396 0.000010 0.000496 0.002164 0.227087
HGDP01282	Mozabite	0.000010 0.008101 0.747620 0.000010 0.000010 0.000010 0.019034 0.225205
HGDP01280	Mozabite	0.000010 0.010532 0.737283 0.000010 0.000010 0.005786 0.000010 0.246359
HGDP01264	Mozabite	0.000010 0.005301 0.736484 0.000010 0.000010 0.000010 0.016340 0.241835
HGDP01278	Mozabite	0.000010 0.012042 0.734969 0.000010 0.000010 0.000010 0.016257 0.236692
HGDP01272	Mozabite	0.000010 0.001698 0.733669 0.000010 0.000010 0.000010 0.021741 0.242853
HGDP01275	Mozabite	0.000010 0.002819 0.732741 0.000010 0.000010 0.000010 0.020770 0.243630
HGDP01258	Mozabite	0.000010 0.005487 0.732591 0.000010 0.000010 0.022344 0.000010 0.239537
HGDP01265	Mozabite	0.000010 0.008978 0.732089 0.000010 0.000010 0.000010 0.005179 0.253714
HGDP01253	Mozabite	0.000010 0.000932 0.730222 0.000010 0.001960 0.000010 0.014310 0.252546
HGDP01276	Mozabite	0.000010 0.000010 0.728079 0.001187 0.000010 0.000010 0.004013 0.266681
HGDP01254	Mozabite	0.000010 0.014272 0.724448 0.000010 0.000010 0.008722 0.015598 0.236930
HGDP01256	Mozabite	0.000010 0.000010 0.721018 0.000010 0.000010 0.000010 0.013398 0.265534
HGDP01279	Mozabite	0.000010 0.015735 0.720705 0.000010 0.000010 0.000010 0.012419 0.251101
HGDP01277	Mozabite	0.000010 0.000010 0.720682 0.000010 0.000010 0.000010 0.028399 0.250869
HGDP01268	Mozabite	0.006264 0.023132 0.717957 0.000010 0.000010 0.000010 0.004023 0.248594
HGDP01262	Mozabite	0.000010 0.008251 0.716711 0.000010 0.000010 0.000010 0.015946 0.259052
HGDP01257	Mozabite	0.000010 0.000010 0.706302 0.000010 0.000010 0.000010 0.010438 0.283210
HGDP01259	Mozabite	0.000010 0.013468 0.691655 0.000010 0.000010 0.000010 0.022303 0.272534
HGDP01274	Mozabite	0.000010 0.012853 0.654580 0.000010 0.000010 0.021031 0.000010 0.311496
Algerian43A34	Algerian	0.000010 0.002731 0.764923 0.000010 0.000010 0.000010 0.014506 0.217800
Algerian43A13	Algerian	0.000010 0.003531 0.727600 0.002885 0.000010 0.000145 0.012721 0.253099
Algerian43A24	Algerian	0.000010 0.003112 0.717039 0.000010 0.000010 0.000192 0.018005 0.261622
Algerian43A23	Algerian	0.001159 0.009836 0.711929 0.000010 0.000010 0.000010 0.031180 0.245866
Algerian43A21	Algerian	0.025890 0.020359 0.699424 0.000010 0.000010 0.000010 0.012445 0.241853
Algerian43A22	Algerian	0.000010 0.011880 0.694398 0.000010 0.000010 0.007863 0.036471 0.249359
Algerian43A32	Algerian	0.002809 0.005062 0.692033 0.000010 0.000010 0.000010 0.054981 0.245085
SAH18	Saharawi	0.000010 0.014826 0.700788 0.000010 0.000010 0.000010 0.012634 0.271711
SAH9	Saharawi	0.000010 0.008878 0.696514 0.000010 0.000010 0.000010 0.022460 0.272109
SAH21	Saharawi	0.000018 0.005719 0.695607 0.000010 0.000010 0.000010 0.015303 0.283323
SAH24	Saharawi	0.000010 0.010781 0.691134 0.000010 0.000010 0.000010 0.023541 0.274505
SAH27	Saharawi	0.000010 0.000944 0.688983 0.000010 0.000010 0.000010 0.015482 0.294552
SAH34	Saharawi	0.000010 0.004774 0.671099 0.000010 0.000010 0.000010 0.019495 0.304591
EthiopianJew1831	Ethiopian_Jew	0.030453 0.011666 0.482399 0.000010 0.017331 0.000010 0.011629 0.446502
EthiopianJew1818	Ethiopian_Jew	0.027290 0.027912 0.481421 0.000010 0.029713 0.000010 0.000010 0.433634
EthiopianJew1804	Ethiopian_Jew	0.033545 0.011820 0.472762 0.000010 0.027808 0.000010 0.008767 0.445277
EthiopianJew1574	Ethiopian_Jew	0.038795 0.003549 0.466146 0.000010 0.024356 0.000010 0.010403 0.456730
EthiopianJew4690	Ethiopian_Jew	0.045855 0.008403 0.451720 0.000010 0.026645 0.000010 0.017174 0.450184
EthiopianJew1570	Ethiopian_Jew	0.045138 0.000010 0.445281 0.000010 0.027625 0.000010 0.030883 0.451043
EthiopianJew1822	Ethiopian_Jew	0.068420 0.001689 0.442525 0.000010 0.030458 0.000010 0.027194 0.429694
ADR20107	Oromo	0.007879 0.012090 0.354005 0.000010 0.049763 0.001511 0.018928 0.555814
ADR20106	Oromo	0.044024 0.011573 0.369054 0.000010 0.030104 0.000010 0.007804 0.537421
ADR20112	Oromo	0.043169 0.007746 0.361235 0.000010 0.057393 0.000010 0.003355 0.527080
ADR20109	Oromo	0.025442 0.013682 0.362791 0.000010 0.062040 0.000010 0.010160 0.525864
Ayodo_5S	Somali	0.009033 0.009596 0.368364 0.000010 0.015228 0.000010 0.010748 0.587011
Ayodo_41S	Somali	0.014136 0.011033 0.352194 0.000010 0.030046 0.000010 0.023651 0.568920
Ayodo_35S	Somali	0.004070 0.012315 0.370788 0.000010 0.031852 0.000010 0.015226 0.565729
Ayodo_40S	Somali	0.001587 0.006349 0.389830 0.000010 0.014214 0.000010 0.023356 0.564644
Ayodo_69S	Somali	0.007838 0.017680 0.365671 0.000010 0.033620 0.000010 0.017116 0.558055
Ayodo_81S	Somali	0.012844 0.019099 0.384095 0.000010 0.020975 0.008529 0.000010 0.554438
Ayodo_21S	Somali	0.002248 0.014482 0.369633 0.000010 0.039636 0.000010 0.020508 0.553474
Ayodo_52S	Somali	0.028320 0.005794 0.359585 0.000010 0.044566 0.000010 0.011738 0.549977
Ayodo_23S	Somali	0.033973 0.019637 0.366747 0.000010 0.019752 0.000010 0.014800 0.545070
Ayodo_34S	Somali	0.019740 0.020465 0.369683 0.000010 0.030410 0.000010 0.016805 0.542877
Ayodo_61S	Somali	0.008266 0.015958 0.386347 0.000010 0.043432 0.000010 0.008421 0.537557
Ayodo_90S	Somali	0.018224 0.007897 0.391340 0.000010 0.033846 0.000010 0.016381 0.532291
Ayodo_43S	Somali	0.029453 0.005243 0.371992 0.000010 0.035867 0.000010 0.039432 0.517994
GOR067	Datog	0.033556 0.001830 0.267052 0.000010 0.054766 0.000010 0.000324 0.642451
GOR063	Datog	0.016926 0.001401 0.263927 0.000010 0.062938 0.000010 0.029667 0.625120
GOR049	Datog	0.016173 0.011273 0.278720 0.002222 0.073021 0.000010 0.011541 0.607041
Ayodo_103M	Masai	0.012113 0.000802 0.188664 0.000010 0.048882 0.000010 0.010972 0.738547
NA21487	Masai	0.031753 0.004002 0.205998 0.000010 0.033915 0.000688 0.000758 0.722876
Ayodo_101M	Masai	0.029385 0.013169 0.180391 0.000010 0.054318 0.000010 0.001071 0.721647
NA21490	Masai	0.034839 0.011039 0.198041 0.001194 0.038009 0.000010 0.000010 0.716859
NA21648	Masai	0.023810 0.006334 0.201495 0.003312 0.053426 0.005546 0.003492 0.702585
NA21477	Masai	0.039051 0.002229 0.194906 0.000010 0.055962 0.000010 0.017534 0.690300
NA21310	Masai	0.028195 0.005057 0.210647 0.000010 0.050183 0.002049 0.014461 0.689399
NA21581	Masai	0.021518 0.011541 0.222068 0.001513 0.055847 0.000010 0.000010 0.687493
NA21366	Masai	0.041869 0.013627 0.201669 0.000010 0.053352 0.000010 0.014914 0.674549
NA21425	Masai	0.014305 0.007095 0.245950 0.000010 0.051344 0.000010 0.009337 0.671949
NA21302	Masai	0.008616 0.006301 0.261121 0.003781 0.063161 0.000010 0.000587 0.656424
NA21514	Masai	0.049157 0.014474 0.225134 0.000010 0.048418 0.002323 0.005424 0.655061
Ayodo_47K	Kikuyu	0.029391 0.004633 0.128114 0.000010 0.040665 0.000010 0.000010 0.797168
Ayodo_67K	Kikuyu	0.018232 0.004594 0.131630 0.000010 0.066184 0.000010 0.000657 0.778683
Ayodo_61K	Kikuyu	0.017072 0.000010 0.151125 0.000010 0.048940 0.003539 0.005962 0.773343
Ayodo_83K	Kikuyu	0.015197 0.004301 0.169653 0.000010 0.046687 0.000010 0.000010 0.764132
Sandawe021	Sandawe	0.006851 0.000010 0.139009 0.000010 0.104855 0.000010 0.005131 0.744125
Sandawe023	Sandawe	0.025459 0.002282 0.163306 0.000756 0.109995 0.000010 0.009672 0.688520
Sandawe001	Sandawe	0.002198 0.006521 0.161646 0.010475 0.131500 0.001656 0.004118 0.681886
Sandawe019	Sandawe	0.011571 0.013659 0.179986 0.000010 0.120170 0.000010 0.008947 0.665646
Sandawe013	Sandawe	0.000010 0.003082 0.177938 0.003828 0.135430 0.011514 0.009691 0.658507
Sandawe022	Sandawe	0.000710 0.008935 0.164491 0.000010 0.143460 0.007804 0.019393 0.655197
Sandawe012	Sandawe	0.013798 0.013013 0.162987 0.000010 0.138799 0.000010 0.016212 0.655171
Sandawe003	Sandawe	0.015470 0.001689 0.173334 0.000010 0.140387 0.000010 0.018085 0.651015
Sandawe024	Sandawe	0.000010 0.007953 0.168926 0.006081 0.145009 0.000010 0.022766 0.649246
Sandawe009	Sandawe	0.034331 0.000010 0.161265 0.000010 0.150955 0.003617 0.002953 0.646858
Sandawe016	Sandawe	0.009028 0.009049 0.174210 0.011117 0.145266 0.000010 0.005763 0.645557
Sandawe007	Sandawe	0.017169 0.012519 0.182895 0.000607 0.142004 0.000010 0.000010 0.644787
Sandawe002	Sandawe	0.005250 0.012423 0.159354 0.008191 0.162830 0.000265 0.008788 0.642899
Sandawe014	Sandawe	0.000010 0.019291 0.190792 0.000010 0.146746 0.000010 0.002724 0.640416
Sandawe005	Sandawe	0.004609 0.008399 0.174745 0.009840 0.153171 0.001521 0.007378 0.640337
Sandawe020	Sandawe	0.000010 0.010059 0.175349 0.000010 0.157781 0.000010 0.019247 0.637535
Sandawe027	Sandawe	0.008469 0.014773 0.174037 0.012049 0.149533 0.000010 0.003670 0.637460
Sandawe025	Sandawe	0.040582 0.014687 0.154760 0.000010 0.156368 0.003130 0.000010 0.630453
Sandawe008	Sandawe	0.020260 0.005734 0.169682 0.002742 0.156566 0.000010 0.015119 0.629886
Sandawe011	Sandawe	0.000010 0.010774 0.192562 0.000010 0.170397 0.000010 0.001007 0.625230
Sandawe018	Sandawe	0.007023 0.028130 0.159239 0.000010 0.173031 0.000010 0.018232 0.614326
Sandawe006	Sandawe	0.021651 0.013679 0.192297 0.000010 0.155129 0.000010 0.005105 0.612119
AD_505	AA	0.000010 0.000010 0.082600 0.005690 0.006615 0.000931 0.000010 0.904133
AD_511	AA	0.000010 0.012580 0.088589 0.000010 0.002463 0.000010 0.000010 0.896327
AD_510	AA	0.000010 0.003980 0.098138 0.014229 0.001946 0.000010 0.000010 0.881676
AD_006	AA	0.005510 0.000010 0.077356 0.013095 0.032911 0.005125 0.000010 0.865984
AD_500	AA	0.000010 0.000322 0.076640 0.039208 0.022141 0.005181 0.000010 0.856489
AD_015	AA	0.013246 0.006755 0.080932 0.003652 0.035748 0.004776 0.000010 0.854879
AD_064	AA	0.000469 0.002809 0.108070 0.005142 0.034151 0.013853 0.000010 0.835496
AD_061	AA	0.007747 0.000010 0.124071 0.014776 0.022005 0.008115 0.000010 0.823266
AD_066	AA	0.010543 0.008956 0.141557 0.000620 0.019824 0.004634 0.000010 0.813855
AD_076	AA	0.000010 0.006073 0.149944 0.022215 0.026284 0.000010 0.002604 0.792861
AD_523	AA	0.001553 0.010164 0.165116 0.016146 0.026531 0.000010 0.000010 0.780470
AD_512	AA	0.042457 0.013617 0.460828 0.013911 0.015964 0.035626 0.010904 0.406692
NA19017	Luhya	0.004257 0.003390 0.012018 0.000010 0.031284 0.000126 0.010127 0.938788
NA19023	Luhya	0.000010 0.000010 0.013992 0.004703 0.040345 0.005281 0.000010 0.935649
NA19019	Luhya	0.000010 0.002971 0.020172 0.001618 0.048532 0.000010 0.011748 0.914939
NA19044	Luhya	0.004116 0.002734 0.025222 0.000010 0.053103 0.000010 0.000010 0.914796
NA19026	Luhya	0.007510 0.000010 0.030517 0.000010 0.051080 0.000013 0.000010 0.910851
NA19024	Luhya	0.009551 0.000011 0.022096 0.000010 0.059628 0.000010 0.000109 0.908585
NA19020	Luhya	0.003734 0.006773 0.040645 0.000010 0.057091 0.000010 0.000010 0.891727
NA19027	Luhya	0.011241 0.006096 0.040785 0.000010 0.051319 0.000010 0.000010 0.890529
Ayodo_458C	Luo	0.014533 0.000010 0.011259 0.000010 0.045985 0.000010 0.000010 0.928183
Ayodo_430C	Luo	0.007946 0.008617 0.003820 0.000010 0.040863 0.003107 0.008705 0.926932
Ayodo_438C	Luo	0.028829 0.000010 0.009803 0.000010 0.037853 0.000010 0.000010 0.923475
Ayodo_502C	Luo	0.004889 0.002022 0.021129 0.007450 0.042205 0.000010 0.000010 0.922285
Ayodo_412C	Luo	0.008673 0.011066 0.009560 0.000010 0.055585 0.000010 0.000010 0.915086
Ayodo_604C	Luo	0.000010 0.000010 0.027099 0.000010 0.058905 0.000010 0.000010 0.913946
Ayodo_423C	Luo	0.000010 0.000010 0.030062 0.000462 0.055948 0.000732 0.000010 0.912766
Ayodo_460C	Luo	0.010748 0.002141 0.014311 0.010799 0.050227 0.000010 0.002135 0.909628
HGDP01405	BantuKenya	0.005718 0.004122 0.006929 0.000010 0.036445 0.000010 0.007846 0.938920
HGDP01417	BantuKenya	0.000010 0.000010 0.027758 0.000010 0.034759 0.000010 0.000010 0.937433
HGDP01414	BantuKenya	0.002398 0.000010 0.012378 0.004326 0.037497 0.008922 0.000010 0.934459
HGDP01408	BantuKenya	0.015167 0.000010 0.019818 0.000203 0.034279 0.000010 0.000010 0.930502
HGDP01419	BantuKenya	0.000010 0.000010 0.016173 0.000010 0.049737 0.000637 0.005952 0.927471
HGDP01418	BantuKenya	0.000010 0.004180 0.023099 0.000010 0.034651 0.006833 0.007457 0.923760
DNK07	Dinka	0.028324 0.003339 0.005429 0.000010 0.028202 0.000010 0.006818 0.927867
DNK09	Dinka	0.020763 0.000010 0.026570 0.000010 0.020480 0.004325 0.007570 0.920272
DNK06	Dinka	0.040652 0.006587 0.011590 0.004178 0.017306 0.000010 0.000010 0.919667
DNK11	Dinka	0.029328 0.012679 0.010909 0.000010 0.027333 0.003456 0.000010 0.916276
DNK05	Dinka	0.034565 0.003346 0.012116 0.006766 0.018313 0.000010 0.009521 0.915362
DNK15	Dinka	0.022848 0.000010 0.023361 0.002202 0.027424 0.000010 0.009218 0.914926
DNK03	Dinka	0.038142 0.005112 0.010911 0.000010 0.024464 0.000010 0.009796 0.911555
HG02464	Gambian	0.000010 0.000010 0.006360 0.000010 0.008305 0.000015 0.000010 0.985280
HG02465	Gambian	0.001297 0.000010 0.003563 0.000010 0.023770 0.000010 0.000010 0.971330
HG02570	Gambian	0.001411 0.000010 0.010551 0.000010 0.021087 0.000010 0.000010 0.966911
HG02571	Gambian	0.004314 0.005794 0.010160 0.000010 0.014987 0.000010 0.000010 0.964715
HG02573	Gambian	0.000010 0.004455 0.020854 0.000010 0.016498 0.000010 0.000010 0.958153
HG02574	Gambian	0.000010 0.007936 0.043124 0.000010 0.002629 0.000010 0.000010 0.946271
HGDP01031	BantuSA	0.000010 0.000010 0.000010 0.003238 0.057991 0.004909 0.000010 0.933822
HGDP01028	BantuSA	0.000010 0.000010 0.000010 0.000010 0.072229 0.003729 0.001439 0.922562
HGDP01035	BantuSA	0.000010 0.000010 0.000010 0.000010 0.094772 0.000010 0.000010 0.905168
HGDP01033	BantuSA	0.001095 0.000402 0.002675 0.000010 0.172882 0.000010 0.000010 0.822917
HGDP01034	BantuSA	0.008664 0.000010 0.000010 0.000010 0.217312 0.000010 0.000010 0.773974
HGDP00994	BantuSA	0.000010 0.001645 0.000010 0.000010 0.227305 0.000010 0.000010 0.771001
HGDP00993	BantuSA	0.000010 0.000010 0.000010 0.000010 0.251395 0.004532 0.000010 0.744023
HGDP01030	BantuSA	0.000010 0.000010 0.000010 0.000010 0.334721 0.000010 0.000010 0.665219
HG03057	Mende	0.000010 0.003607 0.000010 0.000010 0.030958 0.000010 0.000010 0.965385
HG03097	Mende	0.000010 0.000010 0.000010 0.000010 0.037022 0.000010 0.000010 0.962918
HG03078	Mende	0.000010 0.002235 0.000011 0.002528 0.032493 0.000627 0.000010 0.962086
HG03076	Mende	0.011234 0.000010 0.000010 0.000010 0.028858 0.000013 0.000010 0.959854
HG03085	Mende	0.000010 0.002739 0.000010 0.000010 0.040080 0.000010 0.000010 0.957131
HG03069	Mende	0.000010 0.003462 0.000010 0.000010 0.044506 0.000839 0.000010 0.951153
HG03052	Mende	0.000010 0.000010 0.000010 0.000010 0.053339 0.000010 0.000010 0.946601
HG03072	Mende	0.002816 0.000016 0.000010 0.000010 0.056294 0.000010 0.000010 0.940834
HGDP00907	Mandenka	0.000010 0.001240 0.011459 0.000010 0.000010 0.000010 0.000010 0.987251
HGDP00909	Mandenka	0.005937 0.000774 0.003164 0.001983 0.002923 0.000010 0.000010 0.985200
HGDP00908	Mandenka	0.000010 0.000010 0.000010 0.001689 0.009404 0.000010 0.005753 0.983113
HGDP00904	Mandenka	0.000010 0.000010 0.006431 0.008954 0.004906 0.000010 0.000010 0.979669
HGDP01199	Mandenka	0.000010 0.002844 0.014864 0.000010 0.003645 0.000010 0.000010 0.978607
HGDP00913	Mandenka	0.000010 0.000524 0.011550 0.000010 0.010469 0.000010 0.000010 0.977418
HGDP01284	Mandenka	0.006754 0.000010 0.000017 0.000010 0.015981 0.000010 0.000010 0.977207
HGDP01286	Mandenka	0.000010 0.003121 0.018623 0.000010 0.003855 0.000458 0.000010 0.973913
HGDP00915	Mandenka	0.009934 0.002287 0.014693 0.000010 0.000010 0.000010 0.000010 0.973046
HGDP00912	Mandenka	0.008634 0.005621 0.000924 0.000010 0.013511 0.000010 0.000010 0.971280
HGDP01202	Mandenka	0.008205 0.000010 0.002755 0.000010 0.014538 0.000010 0.005073 0.969400
HGDP01200	Mandenka	0.000010 0.000010 0.011912 0.000010 0.017030 0.003440 0.000010 0.967579
HGDP01283	Mandenka	0.000010 0.000010 0.022009 0.002276 0.009078 0.000010 0.000010 0.966597
HGDP00905	Mandenka	0.009883 0.009853 0.006418 0.000010 0.009002 0.000010 0.000010 0.964813
HGDP00910	Mandenka	0.000010 0.000010 0.022761 0.000010 0.014099 0.000010 0.000010 0.963090
HGDP00917	Mandenka	0.000010 0.000010 0.014938 0.001502 0.005130 0.000010 0.015696 0.962704
HGDP00906	Mandenka	0.000010 0.000010 0.021939 0.005329 0.018722 0.000010 0.000010 0.953970
NAM331	Wambo	0.001181 0.000010 0.000010 0.002102 0.036308 0.000010 0.000010 0.960370
NAM453	Wambo	0.000010 0.000010 0.000010 0.000010 0.047629 0.000010 0.000010 0.952311
NAM088	Wambo	0.000010 0.000010 0.000010 0.000010 0.048084 0.000010 0.000010 0.951856
NAM434	Wambo	0.000010 0.000010 0.000010 0.000010 0.065836 0.000010 0.000010 0.934104
NAM436	Wambo	0.000010 0.000010 0.000010 0.000010 0.069143 0.000010 0.000010 0.930797
HG02923	Esan	0.000010 0.000010 0.000010 0.000010 0.000010 0.000010 0.000010 0.999930
HG03100	Esan	0.000010 0.000010 0.000010 0.000010 0.000010 0.000010 0.000010 0.999930
HG03108	Esan	0.000010 0.000010 0.000010 0.000010 0.000010 0.000010 0.000010 0.999930
HG03099	Esan	0.000010 0.000010 0.000010 0.000010 0.001941 0.000010 0.000010 0.997999
HG02943	Esan	0.000010 0.000010 0.000010 0.000010 0.003377 0.000010 0.000010 0.996563
HG02974	Esan	0.000010 0.000010 0.000010 0.000010 0.004319 0.000010 0.000010 0.995621
HG03109	Esan	0.000015 0.000010 0.000010 0.000010 0.010490 0.000010 0.000010 0.989445
HG02922	Esan	0.000010 0.000015 0.000010 0.000010 0.014418 0.000010 0.000010 0.985517
HGDP00934	Yoruba	0.000010 0.000010 0.000010 0.000010 0.000010 0.000010 0.000010 0.999930
HGDP00936	Yoruba	0.000010 0.000010 0.000010 0.000010 0.000010 0.000010 0.000010 0.999930
HGDP00941	Yoruba	0.000010 0.000010 0.000010 0.000010 0.000010 0.000010 0.000010 0.999930
NA18852	Yoruba	0.000010 0.000010 0.000010 0.000010 0.000010 0.000010 0.000010 0.999930
NA18870	Yoruba	0.000010 0.000010 0.000010 0.000010 0.000010 0.000010 0.000010 0.999930
NA19098	Yoruba	0.000010 0.000010 0.000010 0.000010 0.000010 0.000010 0.000010 0.999930
NA19127	Yoruba	0.000010 0.000010 0.000010 0.000010 0.000010 0.000010 0.000010 0.999930
NA19128	Yoruba	0.000010 0.000010 0.000010 0.000010 0.000010 0.000010 0.000010 0.999930
NA19137	Yoruba	0.000010 0.000010 0.000010 0.000010 0.000010 0.000010 0.000010 0.999930
NA19138	Yoruba	0.000010 0.000010 0.000010 0.000010 0.000010 0.000010 0.000010 0.999930
NA19143	Yoruba	0.000010 0.000010 0.000010 0.000010 0.000010 0.000010 0.000010 0.999930
NA19160	Yoruba	0.000010 0.000010 0.000010 0.000010 0.000010 0.000010 0.000010 0.999930
NA19201	Yoruba	0.000010 0.000010 0.000010 0.000010 0.000010 0.000010 0.000010 0.999930
NA19206	Yoruba	0.000010 0.000010 0.000010 0.000010 0.000010 0.000010 0.000010 0.999930
NA19207	Yoruba	0.000010 0.000010 0.000010 0.000010 0.000010 0.000010 0.000010 0.999930
NA18856	Yoruba	0.000010 0.000010 0.000010 0.000010 0.000010 0.000011 0.000010 0.999929
NA19119	Yoruba	0.000011 0.000010 0.000010 0.000010 0.000010 0.000010 0.000010 0.999929
NA18862	Yoruba	0.000010 0.000010 0.000012 0.000010 0.000010 0.000010 0.000010 0.999928
NA19204	Yoruba	0.000010 0.000010 0.000010 0.000010 0.001092 0.000010 0.000010 0.998848
NA19093	Yoruba	0.000010 0.000010 0.000010 0.000010 0.001098 0.000010 0.000010 0.998842
HGDP00937	Yoruba	0.000010 0.000010 0.000010 0.000010 0.001404 0.000010 0.000010 0.998536
HGDP00924	Yoruba	0.000010 0.000010 0.000010 0.000010 0.001598 0.000010 0.000010 0.998342
NA18853	Yoruba	0.000010 0.000010 0.000010 0.000010 0.001957 0.000010 0.000010 0.997983
HGDP00939	Yoruba	0.000010 0.001045 0.000010 0.001075 0.000010 0.000010 0.000010 0.997830
NA18507	Yoruba	0.000010 0.000081 0.000010 0.002249 0.000010 0.000010 0.000010 0.997621
NA19130	Yoruba	0.000010 0.002525 0.000010 0.000010 0.000010 0.000010 0.000010 0.997415
HGDP00943	Yoruba	0.000010 0.000010 0.000010 0.000010 0.002491 0.000010 0.000075 0.997385
NA19099	Yoruba	0.000010 0.000010 0.000010 0.000010 0.002647 0.000013 0.000010 0.997291
HGDP00920	Yoruba	0.000010 0.000010 0.000010 0.000010 0.002856 0.000010 0.000010 0.997084
NA19101	Yoruba	0.000010 0.000099 0.000010 0.000010 0.002910 0.000010 0.000010 0.996941
NA18516	Yoruba	0.000010 0.000010 0.000010 0.000010 0.003046 0.000010 0.000010 0.996894
NA18504	Yoruba	0.000010 0.000010 0.000010 0.000010 0.003253 0.000010 0.000010 0.996687
NA18858	Yoruba	0.000010 0.000010 0.000010 0.000010 0.003301 0.000010 0.000010 0.996639
HGDP00928	Yoruba	0.000010 0.000010 0.000010 0.000010 0.003489 0.000010 0.000010 0.996451
HGDP00942	Yoruba	0.000010 0.000010 0.000010 0.000010 0.003914 0.000010 0.000010 0.996026
NA19102	Yoruba	0.003995 0.000010 0.000010 0.000010 0.000010 0.000010 0.000010 0.995945
HGDP00935	Yoruba	0.000010 0.000010 0.000010 0.000010 0.004019 0.000010 0.000010 0.995921
NA19209	Yoruba	0.000010 0.000010 0.000010 0.000010 0.004226 0.000010 0.000010 0.995714
HGDP00931	Yoruba	0.000010 0.000014 0.000010 0.000837 0.003455 0.000010 0.000010 0.995655
NA19222	Yoruba	0.000010 0.000010 0.000010 0.000010 0.005047 0.000010 0.000010 0.994893
HGDP00933	Yoruba	0.000010 0.000010 0.000010 0.000010 0.005056 0.000010 0.000010 0.994884
NA19131	Yoruba	0.000010 0.000010 0.000010 0.000010 0.005426 0.000010 0.000010 0.994514
NA18505	Yoruba	0.000010 0.000010 0.000010 0.000010 0.005548 0.000010 0.000010 0.994392
HGDP00944	Yoruba	0.000010 0.000010 0.000010 0.000010 0.005972 0.000010 0.000010 0.993968
NA19116	Yoruba	0.000010 0.000010 0.000010 0.000010 0.006076 0.000010 0.000010 0.993864
NA19223	Yoruba	0.000010 0.000010 0.000010 0.000010 0.006331 0.000010 0.000010 0.993609
HGDP00940	Yoruba	0.000010 0.000010 0.000010 0.000010 0.006359 0.000010 0.000010 0.993581
NA18861	Yoruba	0.000013 0.000010 0.000010 0.000010 0.006566 0.000010 0.000010 0.993371
NA19238	Yoruba	0.000010 0.000013 0.000010 0.002389 0.004556 0.000010 0.000010 0.993002
NA19193	Yoruba	0.000010 0.000010 0.000010 0.000010 0.006965 0.000010 0.000010 0.992975
HGDP00930	Yoruba	0.000010 0.000010 0.000010 0.000010 0.007101 0.000010 0.000010 0.992839
HGDP00926	Yoruba	0.000010 0.000010 0.000010 0.000010 0.008154 0.000010 0.000010 0.991786
NA18508	Yoruba	0.000010 0.000010 0.000010 0.002916 0.005615 0.000010 0.000010 0.991419
NA18871	Yoruba	0.000010 0.000010 0.000010 0.000010 0.009489 0.000010 0.000010 0.990451
HGDP00932	Yoruba	0.000010 0.000010 0.000010 0.000010 0.009554 0.000010 0.000010 0.990386
NA19171	Yoruba	0.000010 0.001032 0.000010 0.000010 0.008907 0.000010 0.000010 0.990010
NA19141	Yoruba	0.000010 0.002945 0.000010 0.000010 0.007259 0.000010 0.000010 0.989746
HGDP00929	Yoruba	0.000010 0.000010 0.000010 0.000010 0.010391 0.000010 0.000010 0.989549
NA18522	Yoruba	0.000010 0.000010 0.000010 0.000010 0.010409 0.000010 0.000010 0.989531
NA19210	Yoruba	0.000010 0.000010 0.000010 0.000010 0.010880 0.000010 0.000010 0.989060
NA18517	Yoruba	0.000010 0.000010 0.000010 0.000010 0.010955 0.000010 0.000010 0.988985
NA18855	Yoruba	0.000010 0.003159 0.002952 0.000010 0.004924 0.000017 0.000010 0.988917
NA18859	Yoruba	0.000010 0.000010 0.000010 0.005709 0.000797 0.000010 0.005093 0.988361
NA19144	Yoruba	0.000010 0.007058 0.000010 0.000010 0.004690 0.000010 0.000010 0.988202
HGDP00925	Yoruba	0.000010 0.000011 0.000010 0.000010 0.012646 0.000010 0.000010 0.987293
HGDP00938	Yoruba	0.000010 0.000010 0.000010 0.000010 0.012938 0.000010 0.000010 0.987002
NA19203	Yoruba	0.000010 0.000010 0.000010 0.000010 0.014655 0.000010 0.000010 0.985285
NA19239	Yoruba	0.000682 0.000010 0.000010 0.000010 0.016557 0.000010 0.000010 0.982711
NA18501	Yoruba	0.000010 0.000010 0.000010 0.000010 0.024566 0.000010 0.000010 0.975374
NA19159	Yoruba	0.000010 0.005788 0.000010 0.000010 0.019767 0.000010 0.000010 0.974394
NAM172	Khwe	0.000010 0.000470 0.028363 0.006262 0.379434 0.000010 0.000010 0.585440
NAM175	Khwe	0.003894 0.001849 0.019509 0.000010 0.394257 0.000010 0.000010 0.580461
NAM167	Khwe	0.000010 0.000010 0.030710 0.002945 0.391349 0.000010 0.000010 0.574956
NAM179	Khwe	0.000010 0.004817 0.027780 0.000010 0.390435 0.000010 0.003829 0.573109
BOT6.160	Khwe	0.000010 0.000010 0.028463 0.000010 0.399548 0.000010 0.000010 0.571939
NAM376	Khwe	0.000010 0.000010 0.032529 0.001169 0.405380 0.000010 0.000010 0.560882
BOT6.154	Khwe	0.000010 0.000246 0.024771 0.000010 0.438559 0.000010 0.002227 0.534166
BOT6.158	Khwe	0.001267 0.002231 0.019664 0.000010 0.432681 0.006304 0.004563 0.533279
NAM321	Nama	0.000010 0.000654 0.078832 0.000010 0.855028 0.000010 0.000010 0.065446
NAM325	Nama	0.000688 0.000010 0.073218 0.000010 0.822769 0.000010 0.000010 0.103285
NAM317	Nama	0.000013 0.000010 0.081378 0.000010 0.810537 0.000010 0.000010 0.108032
NAM445	Nama	0.015529 0.000010 0.116893 0.000010 0.771266 0.010426 0.000010 0.085855
NAM326	Nama	0.002521 0.000010 0.072742 0.000010 0.748050 0.000010 0.000010 0.176648
NAM299	Nama	0.004176 0.000010 0.134676 0.000010 0.726437 0.000010 0.004814 0.129866
NAM429	Nama	0.004103 0.002918 0.078672 0.001408 0.702498 0.001297 0.000010 0.209094
NAM442	Nama	0.009034 0.000010 0.177439 0.000010 0.699948 0.005368 0.009522 0.098669
NAM444	Nama	0.013912 0.005418 0.046497 0.000010 0.693799 0.000010 0.008498 0.231856
NAM304	Nama	0.000010 0.012153 0.231744 0.000010 0.651963 0.008288 0.003636 0.092198
NAM412	Nama	0.000010 0.000010 0.073621 0.000010 0.637721 0.000010 0.000010 0.288608
NAM415	Nama	0.011281 0.000010 0.129187 0.002422 0.595249 0.006384 0.000010 0.255457
NAM308	Nama	0.018793 0.016108 0.193496 0.000010 0.577346 0.004996 0.012737 0.176515
NAM448	Nama	0.038251 0.000010 0.233226 0.000010 0.526187 0.007978 0.003849 0.190489
NAM427	Nama	0.000594 0.011030 0.057387 0.000010 0.469768 0.000010 0.000010 0.461191
NAM424	Nama	0.017414 0.009585 0.056625 0.007139 0.418167 0.000012 0.000010 0.491048
BOT6.208	Shua	0.015318 0.000010 0.005532 0.000010 0.288390 0.000010 0.000010 0.690720
BOT6.199	Shua	0.000010 0.000010 0.037447 0.000010 0.362650 0.000010 0.002667 0.597195
BOT6.222	Shua	0.017284 0.003982 0.013576 0.000010 0.396871 0.000010 0.000010 0.568256
BOT6.196	Shua	0.000010 0.009276 0.043650 0.000010 0.388456 0.000010 0.000010 0.558578
BOT6.233	Shua	0.000010 0.000010 0.027667 0.000010 0.423522 0.000010 0.000010 0.548762
BOT6.235	Shua	0.006278 0.000010 0.032865 0.000010 0.418560 0.000010 0.000010 0.542257
BOT6.245	Shua	0.008126 0.000010 0.038088 0.000010 0.424157 0.004948 0.000010 0.524652
BOT6.200	Shua	0.004428 0.001902 0.030248 0.000010 0.435044 0.008823 0.000010 0.519534
BOT6.252	Shua	0.004957 0.000010 0.043629 0.000010 0.462672 0.000012 0.000010 0.488700
BOT6.417	Tswana	0.000010 0.000010 0.000010 0.000010 0.154330 0.002066 0.000010 0.843554
BOT6.413	Tswana	0.000010 0.000010 0.000010 0.000010 0.192528 0.000010 0.000010 0.807412
BOT6.460	Tswana	0.000010 0.000010 0.000010 0.000010 0.277618 0.000010 0.000010 0.722322
BOT6.476	Tswana	0.000010 0.000010 0.000010 0.000010 0.307616 0.000010 0.000010 0.692324
BOT6.475	Tswana	0.000010 0.000010 0.000010 0.000010 0.354583 0.000010 0.000010 0.645357
NAM370	Haiom	0.002351 0.000010 0.026945 0.000010 0.674220 0.000010 0.000010 0.296444
NAM371	Haiom	0.040663 0.000010 0.006061 0.000010 0.611665 0.000010 0.000010 0.341571
NAM369	Haiom	0.003883 0.004280 0.039917 0.000010 0.584506 0.000010 0.000182 0.367214
NAM211	Haiom	0.014670 0.013477 0.041796 0.000010 0.526686 0.000010 0.000010 0.403341
NAM217	Haiom	0.003229 0.000010 0.052266 0.000010 0.501382 0.003191 0.000010 0.439902
NAM232	Haiom	0.000010 0.011170 0.039428 0.000010 0.498706 0.000010 0.004499 0.446168
NAM209	Haiom	0.000010 0.003898 0.066425 0.004652 0.487517 0.003972 0.003883 0.429644
NAM296	Himba	0.000010 0.000010 0.000010 0.000010 0.067355 0.000010 0.000010 0.932585
NAM294	Himba	0.000010 0.000010 0.000010 0.000660 0.074043 0.000010 0.000010 0.925246
NAM401	Himba	0.000010 0.000010 0.000010 0.000010 0.079903 0.000010 0.000010 0.920037
NAM295	Himba	0.000010 0.000011 0.000010 0.000010 0.095632 0.000010 0.000010 0.904307
NAM246	Damara	0.000010 0.000010 0.000010 0.000010 0.044891 0.000010 0.000010 0.955049
NAM268	Damara	0.000010 0.000010 0.000010 0.000010 0.054975 0.000010 0.000010 0.944965
NAM410	Damara	0.000010 0.001399 0.000010 0.000010 0.055293 0.000010 0.000010 0.943258
NAM262	Damara	0.000010 0.000010 0.000010 0.000010 0.060734 0.000010 0.000010 0.939206
NAM259	Damara	0.000010 0.000010 0.000010 0.000924 0.059867 0.000010 0.000010 0.939160
NAM267	Damara	0.000010 0.000010 0.000010 0.000010 0.060829 0.000010 0.000010 0.939111
NAM452	Damara	0.001089 0.000010 0.000010 0.000010 0.064842 0.000010 0.000010 0.934019
NAM399	Damara	0.000010 0.000010 0.002914 0.000010 0.075104 0.000010 0.000010 0.921932
NAM245	Damara	0.000010 0.000010 0.000010 0.000010 0.081423 0.000010 0.000010 0.918517
NAM284	Damara	0.000010 0.001514 0.000010 0.000010 0.102657 0.000010 0.000010 0.895779
NAM277	Damara	0.006301 0.000010 0.003032 0.000010 0.158413 0.000010 0.000010 0.832214
NAM395	Damara	0.000010 0.000010 0.014181 0.003729 0.150520 0.000010 0.001777 0.829764
KGA017	Kgalagadi	0.000010 0.000010 0.000010 0.000010 0.312702 0.000010 0.000010 0.687238
KGA003	Kgalagadi	0.000010 0.000010 0.000010 0.000010 0.326231 0.000010 0.000010 0.673709
KGA004	Kgalagadi	0.000010 0.000010 0.000010 0.001342 0.383391 0.000010 0.000010 0.615217
BOT6.566	Kgalagadi	0.000010 0.000010 0.000010 0.000010 0.396978 0.000010 0.000010 0.602962
BOT6.004	Kgalagadi	0.000010 0.000010 0.000010 0.000010 0.511038 0.000010 0.000010 0.488902
Hadza006	Hadza	0.011067 0.001747 0.078988 0.000010 0.136089 0.000010 0.020556 0.751533
Hadza002	Hadza	0.000010 0.017162 0.067675 0.000010 0.157011 0.008122 0.000010 0.750000
Hadza010	Hadza	0.024403 0.000256 0.076973 0.000010 0.165601 0.000010 0.009000 0.723747
Hadza013	Hadza	0.000015 0.005949 0.101917 0.014085 0.161973 0.000010 0.000010 0.716041
Hadza008	Hadza	0.014045 0.000010 0.065480 0.000010 0.186226 0.008724 0.014113 0.711391
Hadza018	Hadza	0.009887 0.007630 0.087920 0.000010 0.171080 0.000010 0.015328 0.708136
Hadza012	Hadza	0.031992 0.010063 0.058028 0.011749 0.187609 0.000010 0.005244 0.695306
Hadza003	Hadza	0.028967 0.006144 0.067731 0.003564 0.196100 0.000010 0.008856 0.688629
Hadza011	Hadza	0.009820 0.007901 0.097820 0.000010 0.191724 0.005985 0.001810 0.684930
Hadza007	Hadza	0.017574 0.005779 0.088226 0.004304 0.204005 0.000010 0.008431 0.671672
Hadza001	Hadza	0.026152 0.006714 0.084411 0.000010 0.195019 0.000010 0.025494 0.662190
Hadza004	Hadza	0.015341 0.009683 0.071906 0.002573 0.228788 0.004843 0.007155 0.659712
Bar04	Hadza	0.022489 0.010217 0.071473 0.002891 0.219053 0.000010 0.028282 0.645585
Hadza017	Hadza	0.019710 0.007974 0.092828 0.000010 0.226047 0.000415 0.008387 0.644630
Bar08	Hadza	0.043195 0.005301 0.068001 0.000010 0.223306 0.000010 0.021546 0.638631
Bar10	Hadza	0.040118 0.012687 0.082913 0.001327 0.217668 0.000010 0.008380 0.636896
Hadza016	Hadza	0.030259 0.006296 0.076183 0.008523 0.234248 0.000010 0.010725 0.633756
Hadza019	Hadza	0.022924 0.002356 0.101266 0.000010 0.225566 0.000010 0.015553 0.632314
End08	Hadza	0.036501 0.004939 0.079926 0.000010 0.237445 0.000010 0.009391 0.631778
Hadza005	Hadza	0.037276 0.013412 0.070075 0.004376 0.237134 0.000010 0.006373 0.631343
Hadza020	Hadza	0.040879 0.007525 0.085159 0.002003 0.234342 0.001716 0.000010 0.628367
Bar13	Hadza	0.014287 0.008849 0.099777 0.010870 0.236751 0.000010 0.016489 0.612968
SA016	Khomani	0.000010 0.000010 0.000010 0.000010 0.946484 0.000010 0.000010 0.053456
SA047	Khomani	0.000010 0.000010 0.000010 0.000010 0.880994 0.000010 0.000010 0.118946
SA010	Khomani	0.000010 0.000010 0.000010 0.000010 0.872758 0.000010 0.000010 0.127182
SA063	Khomani	0.000010 0.000010 0.046184 0.000010 0.824867 0.000010 0.000010 0.128900
SA018	Khomani	0.000628 0.000010 0.000010 0.000010 0.798709 0.000010 0.000010 0.200613
SA1025	Khomani	0.010704 0.006354 0.016272 0.000010 0.758131 0.000010 0.000010 0.208510
SA078	Khomani	0.025260 0.000010 0.241754 0.011438 0.689208 0.018306 0.000010 0.014015
SA073	Khomani	0.020498 0.006952 0.068275 0.000010 0.671272 0.000010 0.015896 0.217086
SA064	Khomani	0.047153 0.003190 0.119411 0.007163 0.651484 0.013657 0.002320 0.155622
SA1004	Khomani	0.032929 0.000010 0.057169 0.000736 0.617169 0.000010 0.000010 0.291968
SA083	Khomani	0.080708 0.010087 0.222325 0.006534 0.616154 0.013705 0.008840 0.041646
BOT5.034	Gana	0.000013 0.004683 0.010059 0.000010 0.817253 0.000404 0.000010 0.167567
BOT6.259	Gana	0.000010 0.000010 0.021067 0.000010 0.747785 0.000928 0.000010 0.230180
BOT6.258	Gana	0.000010 0.003774 0.016767 0.000010 0.683790 0.000010 0.007503 0.288136
BOT6.264	Gana	0.005056 0.000010 0.005136 0.000010 0.617036 0.000010 0.005963 0.366779
BOT5.018	Gana	0.000010 0.000010 0.000010 0.000010 0.613108 0.000010 0.000010 0.386832
BOT5.026	Gana	0.000010 0.000693 0.000010 0.000010 0.572128 0.000010 0.000010 0.427129
BOT5.033	Gana	0.000010 0.000010 0.000010 0.000010 0.549272 0.000010 0.000010 0.450668
BOT5.036	Gana	0.000010 0.000156 0.000010 0.000010 0.527690 0.000186 0.000010 0.471927
BOT6.292	Tshwa	0.008765 0.000010 0.009563 0.000010 0.720874 0.000010 0.000010 0.260758
BOT6.279	Tshwa	0.007344 0.000010 0.000010 0.000010 0.587881 0.000010 0.000010 0.404725
BOT6.278	Tshwa	0.000010 0.004166 0.004990 0.000010 0.587709 0.000010 0.000010 0.403095
BOT6.274	Tshwa	0.001822 0.000010 0.012732 0.000010 0.575364 0.000010 0.001831 0.408221
BOT6.280	Tshwa	0.000010 0.000010 0.000972 0.000010 0.571670 0.000010 0.005702 0.421615
HGDP00472	Biaka	0.000010 0.000010 0.000010 0.000010 0.274482 0.000010 0.000010 0.725458
HGDP00986	Biaka	0.000010 0.000010 0.000010 0.000010 0.290115 0.000010 0.000010 0.709825
HGDP00460	Biaka	0.000010 0.000010 0.000010 0.000010 0.296970 0.000010 0.000010 0.702970
HGDP00475	Biaka	0.000010 0.000010 0.000010 0.000010 0.298990 0.000010 0.000010 0.700950
HGDP00457	Biaka	0.000010 0.000010 0.000010 0.000010 0.299819 0.000010 0.000010 0.700121
HGDP01086	Biaka	0.000010 0.000010 0.000010 0.000557 0.304029 0.000010 0.000010 0.695364
HGDP00470	Biaka	0.000010 0.000010 0.000010 0.000010 0.311606 0.000010 0.000010 0.688334
HGDP00466	Biaka	0.000010 0.001631 0.000010 0.000010 0.312314 0.000010 0.000010 0.686005
HGDP01090	Biaka	0.000010 0.000010 0.000010 0.000010 0.314925 0.000010 0.000010 0.685015
HGDP00469	Biaka	0.000010 0.000010 0.000010 0.000010 0.314965 0.000010 0.000010 0.684975
HGDP00459	Biaka	0.000010 0.000010 0.000010 0.000010 0.314978 0.000010 0.000010 0.684962
HGDP00454	Biaka	0.000010 0.000010 0.000010 0.000010 0.315746 0.000010 0.000010 0.684194
HGDP00985	Biaka	0.000010 0.000010 0.000010 0.000010 0.315773 0.000010 0.000010 0.684167
HGDP00464	Biaka	0.000010 0.000010 0.000010 0.000010 0.318806 0.000010 0.000010 0.681134
HGDP00455	Biaka	0.000010 0.000010 0.000010 0.000010 0.319903 0.000010 0.000010 0.680037
HGDP00473	Biaka	0.000010 0.000010 0.000010 0.000010 0.320257 0.000010 0.000010 0.679683
HGDP00465	Biaka	0.000010 0.000010 0.000010 0.000010 0.326285 0.000010 0.000010 0.673655
HGDP00458	Biaka	0.000010 0.000010 0.000010 0.000010 0.327130 0.000010 0.000010 0.672810
HGDP01094	Biaka	0.000010 0.000010 0.000010 0.000010 0.328102 0.000010 0.000010 0.671838
HGDP00461	Biaka	0.000010 0.000010 0.000010 0.000010 0.342882 0.000010 0.000010 0.657058
NAM115	Xuun	0.000011 0.000010 0.017284 0.000010 0.842568 0.000010 0.000010 0.140097
NAM129	Xuun	0.007768 0.000010 0.009990 0.000010 0.837723 0.003091 0.000010 0.141398
NAM119	Xuun	0.000010 0.006870 0.008798 0.000010 0.828123 0.000010 0.000010 0.156169
NAM361	Xuun	0.000010 0.000010 0.004865 0.000010 0.810218 0.000010 0.000010 0.184866
NAM188	Xuun	0.000010 0.000010 0.000638 0.000010 0.798620 0.000010 0.000010 0.200692
NAM191	Xuun	0.000010 0.004940 0.000010 0.000424 0.793736 0.000010 0.004716 0.196154
NAM107	Xuun	0.000010 0.000010 0.013372 0.000010 0.783676 0.003816 0.000010 0.199096
NAM201	Xuun	0.000010 0.000010 0.013577 0.000010 0.780570 0.000010 0.003150 0.202663
NAM109	Xuun	0.004641 0.000010 0.015084 0.000010 0.747430 0.000010 0.000010 0.232805
