Egypt9	Egyptian	0.097179 0.004803 0.747567 0.000010 0.000010 0.000010 0.000010 0.150412
Egypt7AQ172	Egyptian	0.094366 0.000010 0.743993 0.000010 0.000010 0.000010 0.003501 0.158101
Egypt12	Egyptian	0.049030 0.000010 0.741849 0.000010 0.000010 0.000010 0.025387 0.183694
Egypt17AQ176	Egyptian	0.083131 0.000010 0.725585 0.000010 0.000010 0.000010 0.030976 0.160268
Egypt10	Egyptian	0.083972 0.003973 0.723617 0.000010 0.006151 0.000010 0.010809 0.171458
Egypt12AQ172	Egyptian	0.096794 0.001622 0.721878 0.000010 0.000010 0.000010 0.008103 0.171573
Egypt9AQ172	Egyptian	0.080385 0.017204 0.721530 0.000010 0.000010 0.000010 0.000010 0.180841
Egypt15AQ172	Egyptian	0.088400 0.000497 0.721119 0.000010 0.000010 0.000010 0.022683 0.167270
Egypt7	Egyptian	0.102257 0.000010 0.717102 0.000010 0.000010 0.000010 0.016583 0.164018
Egypt3AQ172	Egyptian	0.111218 0.012222 0.715039 0.000010 0.002553 0.000010 0.007271 0.151677
Egypt5AQ172	Egyptian	0.112668 0.007595 0.713665 0.000010 0.000010 0.000010 0.008458 0.157584
Egypt3	Egyptian	0.079008 0.004335 0.708666 0.000010 0.001531 0.000010 0.015369 0.191071
Egypt8AT113	Egyptian	0.104066 0.000010 0.707684 0.000010 0.000010 0.000010 0.001333 0.186878
Egypt9AQ177	Egyptian	0.081634 0.005509 0.706957 0.000010 0.002331 0.000010 0.014834 0.188716
Egypt11	Egyptian	0.081341 0.000010 0.702383 0.000010 0.002036 0.000010 0.016630 0.197579
Egypt1AQ172	Egyptian	0.116338 0.003930 0.694507 0.000010 0.000010 0.000010 0.019908 0.165286
Egypt22TD21	Egyptian	0.112101 0.009165 0.694182 0.000010 0.000010 0.000010 0.015786 0.168736
Egypt1	Egyptian	0.105584 0.010657 0.670157 0.000010 0.000010 0.000010 0.000010 0.213562
MoroccanJew4692	Moroccan_Jew	0.091604 0.000010 0.844807 0.000010 0.000010 0.000010 0.015359 0.048190
MoroccanJew4683	Moroccan_Jew	0.114589 0.002553 0.834431 0.000010 0.000010 0.000010 0.005180 0.043217
MoroccanJew4789	Moroccan_Jew	0.086543 0.000010 0.832355 0.000010 0.011921 0.000010 0.027867 0.041285
MoroccanJew5126	Moroccan_Jew	0.091355 0.003412 0.829849 0.007382 0.000010 0.000010 0.006458 0.061524
MoroccanJew4634	Moroccan_Jew	0.105221 0.000010 0.823572 0.000010 0.006150 0.010645 0.005558 0.048834
MoroccanJew5168	Moroccan_Jew	0.098933 0.000010 0.822535 0.014923 0.000010 0.000010 0.010107 0.053471
Tunisian20C4	Tunisian	0.000010 0.023566 0.755170 0.000010 0.000010 0.000010 0.008109 0.213115
Tunisian20B4	Tunisian	0.053833 0.004535 0.722092 0.000010 0.000010 0.000010 0.016825 0.202685
Tunisian20C1	Tunisian	0.028123 0.004041 0.720404 0.000010 0.000010 0.000010 0.034071 0.213331
Tunisian200000	Tunisian	0.025335 0.000010 0.715918 0.000010 0.000010 0.000010 0.034472 0.224235
Tunisian20F4	Tunisian	0.022087 0.000010 0.709598 0.000010 0.012856 0.000010 0.038723 0.216707
Tunisian20D4	Tunisian	0.020042 0.007110 0.709247 0.004730 0.000010 0.000010 0.013065 0.245787
Tunisian20A5	Tunisian	0.012969 0.006766 0.703278 0.000010 0.000010 0.000010 0.028809 0.248149
Tunisian20D1	Tunisian	0.017323 0.011803 0.700031 0.000010 0.004042 0.000010 0.029458 0.237323
TunisianJew1531	Tunisian_Jew	0.089964 0.000010 0.863975 0.000010 0.000010 0.000010 0.000010 0.046011
TunisianJew1763	Tunisian_Jew	0.076741 0.000010 0.858409 0.000010 0.000010 0.000010 0.002343 0.062467
TunisianJew1170	Tunisian_Jew	0.106074 0.000010 0.843124 0.000010 0.000010 0.005167 0.001001 0.044604
TunisianJew1421	Tunisian_Jew	0.087382 0.003194 0.837752 0.011478 0.000010 0.000015 0.000010 0.060160
TunisianJew1507	Tunisian_Jew	0.105926 0.004749 0.828027 0.000010 0.000010 0.000010 0.000697 0.060570
TunisianJew1511	Tunisian_Jew	0.094406 0.000010 0.821805 0.000010 0.000010 0.008939 0.008150 0.066669
TunisianJew1544	Tunisian_Jew	0.107061 0.009053 0.812994 0.000010 0.000010 0.006442 0.014154 0.050276
LibyanJew1611	Libyan_Jew	0.075463 0.009030 0.852214 0.000710 0.007183 0.000010 0.009094 0.046295
LibyanJew1605	Libyan_Jew	0.070395 0.013461 0.842372 0.000010 0.000010 0.000010 0.002233 0.071509
LibyanJew1659	Libyan_Jew	0.079702 0.000010 0.833579 0.000010 0.000010 0.000010 0.014207 0.072472
LibyanJew1601	Libyan_Jew	0.083103 0.000010 0.832341 0.000010 0.000010 0.000455 0.021900 0.062170
LibyanJew1462	Libyan_Jew	0.099281 0.000010 0.825753 0.000010 0.000010 0.000010 0.018277 0.056649
LibyanJew1639	Libyan_Jew	0.118004 0.000010 0.823787 0.000010 0.000010 0.000010 0.000335 0.057834
LibyanJew1263	Libyan_Jew	0.109465 0.000364 0.820818 0.000010 0.000010 0.000010 0.003001 0.066323
LibyanJew1438	Libyan_Jew	0.098861 0.004785 0.814231 0.000010 0.007249 0.000010 0.019678 0.055177
LibyanJew1104	Libyan_Jew	0.114381 0.000010 0.811071 0.000010 0.000010 0.004617 0.012147 0.057754
HGDP01263	Mozabite	0.000010 0.005310 0.767576 0.000010 0.000010 0.000010 0.024541 0.202532
HGDP01255	Mozabite	0.000010 0.010836 0.753678 0.004457 0.000010 0.005528 0.000010 0.225471
HGDP01282	Mozabite	0.000010 0.014643 0.746219 0.000010 0.000010 0.000010 0.010158 0.228940
HGDP01275	Mozabite	0.000010 0.000010 0.741425 0.000010 0.000010 0.000010 0.021020 0.237505
HGDP01280	Mozabite	0.000010 0.008236 0.740583 0.000010 0.000010 0.002912 0.000219 0.248021
HGDP01264	Mozabite	0.000010 0.008346 0.739002 0.000010 0.000010 0.000010 0.009733 0.242880
HGDP01258	Mozabite	0.000010 0.004223 0.737431 0.000010 0.004971 0.005242 0.011360 0.236753
HGDP01278	Mozabite	0.000010 0.000010 0.735757 0.000010 0.000010 0.000010 0.028041 0.236151
HGDP01272	Mozabite	0.000010 0.000010 0.733883 0.000010 0.000010 0.000010 0.027907 0.238160
HGDP01254	Mozabite	0.000010 0.012717 0.731686 0.000010 0.000010 0.000010 0.027991 0.227566
HGDP01253	Mozabite	0.000010 0.000010 0.728888 0.000010 0.000010 0.000010 0.015932 0.255130
HGDP01265	Mozabite	0.000010 0.006163 0.725387 0.000010 0.000010 0.000010 0.015702 0.252708
HGDP01268	Mozabite	0.000010 0.014646 0.723168 0.000010 0.000010 0.000010 0.016699 0.245446
HGDP01256	Mozabite	0.000010 0.000010 0.720970 0.000010 0.000010 0.000010 0.015037 0.263943
HGDP01277	Mozabite	0.000010 0.000010 0.719880 0.000010 0.000010 0.000010 0.030198 0.249872
HGDP01279	Mozabite	0.010849 0.010665 0.716068 0.000010 0.000010 0.000010 0.009205 0.253184
HGDP01276	Mozabite	0.000010 0.005760 0.713450 0.001905 0.000010 0.000010 0.006272 0.272583
HGDP01257	Mozabite	0.000010 0.000010 0.703842 0.000010 0.000010 0.000010 0.011924 0.284184
HGDP01262	Mozabite	0.000010 0.016779 0.702967 0.000010 0.000010 0.000010 0.018108 0.262106
HGDP01259	Mozabite	0.000010 0.006604 0.695941 0.000010 0.000010 0.000010 0.026374 0.271041
HGDP01274	Mozabite	0.000010 0.006158 0.667436 0.000010 0.000010 0.014722 0.000010 0.311644
Algerian43A34	Algerian	0.000010 0.007518 0.760322 0.000010 0.000010 0.000010 0.024401 0.207719
Algerian43A13	Algerian	0.000010 0.000010 0.720231 0.007701 0.000010 0.000010 0.016110 0.255917
Algerian43A24	Algerian	0.000010 0.003638 0.713348 0.000010 0.000010 0.002926 0.016923 0.263135
Algerian43A23	Algerian	0.000010 0.019705 0.705001 0.001275 0.000010 0.000010 0.015759 0.258231
Algerian43A21	Algerian	0.037225 0.017367 0.697398 0.000010 0.000010 0.000010 0.008692 0.239289
Algerian43A32	Algerian	0.000010 0.011804 0.693721 0.000010 0.000010 0.000010 0.041578 0.252857
Algerian43A22	Algerian	0.000012 0.009702 0.689652 0.000010 0.000010 0.000010 0.039738 0.260865
SAH9	Saharawi	0.000010 0.011452 0.707409 0.000010 0.000010 0.000010 0.007884 0.273215
SAH18	Saharawi	0.000010 0.014990 0.700929 0.000010 0.000010 0.000010 0.013665 0.270376
SAH24	Saharawi	0.000010 0.007749 0.696962 0.000010 0.000010 0.000010 0.019505 0.275744
SAH21	Saharawi	0.007611 0.008594 0.688295 0.000735 0.000010 0.000010 0.017110 0.277634
SAH27	Saharawi	0.000010 0.000010 0.685509 0.000010 0.000010 0.000010 0.014316 0.300125
SAH34	Saharawi	0.000010 0.004096 0.671723 0.000010 0.000010 0.000010 0.019909 0.304233
EthiopianJew1831	Ethiopian_Jew	0.043697 0.010007 0.482227 0.000010 0.010115 0.000010 0.012558 0.441376
EthiopianJew1818	Ethiopian_Jew	0.034892 0.024681 0.474853 0.000010 0.026247 0.000010 0.000010 0.439296
EthiopianJew1804	Ethiopian_Jew	0.050212 0.007548 0.468624 0.000010 0.025361 0.000010 0.005362 0.442874
EthiopianJew1574	Ethiopian_Jew	0.044161 0.002695 0.467733 0.000010 0.026934 0.000010 0.011990 0.446467
EthiopianJew1570	Ethiopian_Jew	0.038604 0.001572 0.457436 0.000010 0.022996 0.002223 0.032836 0.444323
EthiopianJew1822	Ethiopian_Jew	0.059191 0.011945 0.453391 0.000010 0.029271 0.000010 0.020722 0.425461
EthiopianJew4690	Ethiopian_Jew	0.049299 0.008586 0.446636 0.000010 0.034572 0.000010 0.011982 0.448905
ADR20107	Oromo	0.023550 0.004769 0.348042 0.000010 0.059763 0.000010 0.012611 0.551245
ADR20112	Oromo	0.046889 0.010353 0.348298 0.000010 0.046718 0.000010 0.011302 0.536419
ADR20106	Oromo	0.047167 0.014485 0.376949 0.000010 0.025190 0.000010 0.000010 0.536179
ADR20109	Oromo	0.044934 0.010079 0.341459 0.000010 0.069760 0.000010 0.018467 0.515281
Ayodo_41S	Somali	0.013702 0.014846 0.339254 0.000010 0.022231 0.000010 0.021852 0.588095
Ayodo_5S	Somali	0.011285 0.015991 0.367522 0.002004 0.020012 0.003100 0.000010 0.580077
Ayodo_35S	Somali	0.003918 0.010125 0.377787 0.000010 0.027098 0.000010 0.014072 0.566980
Ayodo_81S	Somali	0.018533 0.021665 0.368433 0.000010 0.011269 0.012479 0.003032 0.564579
Ayodo_21S	Somali	0.008702 0.018965 0.363199 0.000010 0.027548 0.000010 0.017550 0.564017
Ayodo_69S	Somali	0.000011 0.014352 0.363126 0.000010 0.031142 0.000010 0.027890 0.563459
Ayodo_40S	Somali	0.021679 0.004548 0.377438 0.000010 0.010012 0.000010 0.024512 0.561791
Ayodo_34S	Somali	0.034540 0.012665 0.370617 0.000010 0.017607 0.000010 0.006559 0.557991
Ayodo_52S	Somali	0.035126 0.001048 0.360808 0.000010 0.032891 0.000010 0.015096 0.555011
Ayodo_23S	Somali	0.030648 0.017902 0.378418 0.000010 0.016142 0.000010 0.008975 0.547895
Ayodo_90S	Somali	0.015003 0.021014 0.382870 0.000010 0.024367 0.000010 0.012568 0.544157
Ayodo_61S	Somali	0.005383 0.010695 0.376714 0.000010 0.047929 0.000010 0.029312 0.529947
Ayodo_43S	Somali	0.023285 0.020656 0.385661 0.000010 0.031497 0.000010 0.019533 0.519349
GOR049	Datog	0.005442 0.011453 0.272075 0.000010 0.059880 0.006932 0.023140 0.621069
GOR067	Datog	0.023410 0.005421 0.279143 0.000010 0.063594 0.000010 0.009870 0.618542
GOR063	Datog	0.000010 0.007033 0.279907 0.000010 0.067231 0.000010 0.029636 0.616163
Ayodo_103M	Masai	0.008888 0.008900 0.194013 0.000010 0.035869 0.000010 0.014413 0.737897
Ayodo_101M	Masai	0.034346 0.016064 0.178808 0.000010 0.046332 0.000010 0.003038 0.721393
NA21487	Masai	0.031751 0.008831 0.189475 0.000010 0.046930 0.002480 0.000750 0.719773
NA21490	Masai	0.036996 0.012848 0.187214 0.000010 0.045855 0.000010 0.004769 0.712298
NA21477	Masai	0.019815 0.010726 0.202202 0.000010 0.047417 0.000010 0.015968 0.703851
NA21310	Masai	0.020169 0.012594 0.215528 0.012784 0.041199 0.000010 0.000010 0.697706
NA21581	Masai	0.006224 0.012926 0.222862 0.003178 0.060980 0.000010 0.000887 0.692933
NA21648	Masai	0.021066 0.008614 0.208768 0.000700 0.058075 0.010199 0.000360 0.692219
NA21366	Masai	0.032252 0.010553 0.214618 0.000010 0.047318 0.000010 0.017991 0.677249
NA21425	Masai	0.012387 0.009873 0.238246 0.000010 0.059005 0.000010 0.014553 0.665917
NA21302	Masai	0.026972 0.009812 0.246873 0.000010 0.058059 0.000010 0.000010 0.658254
NA21514	Masai	0.063187 0.013078 0.224990 0.000010 0.046637 0.000010 0.000010 0.652078
Ayodo_47K	Kikuyu	0.011238 0.005627 0.135346 0.000010 0.061876 0.000010 0.004711 0.781182
Ayodo_67K	Kikuyu	0.008479 0.003959 0.144074 0.000010 0.055989 0.000010 0.006899 0.780579
Ayodo_61K	Kikuyu	0.010985 0.000413 0.162590 0.000010 0.050735 0.000010 0.001662 0.773595
Ayodo_83K	Kikuyu	0.000010 0.008271 0.176181 0.006326 0.053036 0.000010 0.000010 0.756155
Sandawe021	Sandawe	0.012662 0.000010 0.146746 0.000314 0.113639 0.000010 0.000010 0.726609
Sandawe001	Sandawe	0.010391 0.010748 0.145027 0.011726 0.128588 0.003967 0.000010 0.689544
Sandawe023	Sandawe	0.036181 0.011905 0.141446 0.000536 0.123198 0.007787 0.002054 0.676893
Sandawe024	Sandawe	0.008644 0.019908 0.169275 0.005016 0.120777 0.000010 0.003611 0.672760
Sandawe019	Sandawe	0.000915 0.017625 0.190881 0.000010 0.112868 0.000010 0.009786 0.667907
Sandawe013	Sandawe	0.014237 0.007645 0.178857 0.000010 0.118777 0.008958 0.011447 0.660068
Sandawe016	Sandawe	0.000010 0.007997 0.187162 0.007522 0.135232 0.000010 0.005162 0.656905
Sandawe012	Sandawe	0.001023 0.014601 0.176714 0.000010 0.135790 0.000010 0.019106 0.652746
Sandawe022	Sandawe	0.004612 0.017879 0.170186 0.000010 0.132075 0.001282 0.022110 0.651845
Sandawe007	Sandawe	0.011123 0.014741 0.176669 0.000010 0.146515 0.000010 0.000010 0.650922
Sandawe009	Sandawe	0.006073 0.002696 0.173412 0.000010 0.148633 0.000010 0.020089 0.649077
Sandawe002	Sandawe	0.001932 0.017541 0.155304 0.000010 0.166562 0.007238 0.003934 0.647479
Sandawe005	Sandawe	0.012675 0.011072 0.155083 0.003803 0.157052 0.004807 0.008369 0.647139
Sandawe003	Sandawe	0.009672 0.011317 0.178987 0.000010 0.145751 0.000010 0.008754 0.645501
Sandawe014	Sandawe	0.000010 0.015086 0.191046 0.000010 0.145080 0.000010 0.008835 0.639923
Sandawe008	Sandawe	0.000010 0.000010 0.187241 0.002403 0.153601 0.000010 0.020524 0.636200
Sandawe011	Sandawe	0.000010 0.013736 0.193621 0.000010 0.158111 0.000010 0.000010 0.634492
Sandawe027	Sandawe	0.002691 0.007133 0.193492 0.006477 0.156016 0.000010 0.000010 0.634170
Sandawe020	Sandawe	0.000010 0.013961 0.173048 0.000010 0.163035 0.000010 0.018731 0.631196
Sandawe025	Sandawe	0.034726 0.013736 0.178194 0.000010 0.150047 0.000010 0.000010 0.623267
Sandawe018	Sandawe	0.008224 0.022937 0.161079 0.000010 0.169354 0.000010 0.015365 0.623020
Sandawe006	Sandawe	0.025450 0.020955 0.178719 0.000010 0.157937 0.000010 0.000065 0.616854
AD_511	AA	0.000010 0.002331 0.095529 0.000010 0.000010 0.000010 0.000010 0.902091
AD_505	AA	0.001664 0.000010 0.085359 0.006671 0.010807 0.000010 0.000010 0.895469
AD_510	AA	0.000010 0.002826 0.105050 0.009682 0.000010 0.000010 0.000010 0.882402
AD_006	AA	0.000010 0.000010 0.082826 0.018443 0.026546 0.003588 0.000010 0.868567
AD_015	AA	0.012457 0.005751 0.083282 0.003670 0.023532 0.005151 0.000010 0.866146
AD_064	AA	0.000010 0.001300 0.106784 0.011997 0.033312 0.002998 0.000010 0.843587
AD_500	AA	0.000010 0.000873 0.077119 0.044365 0.035673 0.000366 0.000010 0.841585
AD_061	AA	0.016217 0.003882 0.117598 0.013834 0.018071 0.001491 0.001105 0.827802
AD_076	AA	0.000010 0.011292 0.153701 0.021661 0.010318 0.005295 0.000010 0.797714
AD_066	AA	0.016070 0.012192 0.141647 0.000010 0.028252 0.004176 0.000010 0.797642
AD_523	AA	0.010290 0.005346 0.169249 0.009720 0.032963 0.001283 0.000010 0.771138
AD_512	AA	0.053472 0.013018 0.474020 0.011956 0.022664 0.029518 0.000010 0.395342
NA19023	Luhya	0.000010 0.000010 0.018088 0.002408 0.042346 0.001422 0.000010 0.935707
NA19017	Luhya	0.001815 0.004711 0.011210 0.005583 0.041707 0.000010 0.000010 0.934954
NA19026	Luhya	0.002526 0.000010 0.037605 0.000010 0.033736 0.001757 0.000010 0.924347
NA19024	Luhya	0.000010 0.000010 0.025314 0.002485 0.046584 0.002172 0.000010 0.923415
NA19044	Luhya	0.001783 0.003091 0.027744 0.000010 0.044892 0.000010 0.000010 0.922460
NA19020	Luhya	0.002782 0.000010 0.032135 0.000010 0.044689 0.000010 0.000010 0.920354
NA19019	Luhya	0.000010 0.010893 0.026720 0.004327 0.053080 0.000010 0.000010 0.904951
NA19027	Luhya	0.007520 0.010702 0.045852 0.000728 0.048637 0.000010 0.000010 0.886541
Ayodo_458C	Luo	0.005123 0.000010 0.025154 0.000016 0.035162 0.000010 0.001979 0.932546
Ayodo_502C	Luo	0.011345 0.004377 0.015011 0.001198 0.038155 0.000010 0.000010 0.929894
Ayodo_438C	Luo	0.020792 0.000010 0.014772 0.000010 0.043870 0.000010 0.000010 0.920527
Ayodo_430C	Luo	0.000010 0.006015 0.012678 0.000010 0.050287 0.000010 0.012434 0.918556
Ayodo_412C	Luo	0.017751 0.010423 0.002441 0.000055 0.055627 0.000010 0.000010 0.913683
Ayodo_423C	Luo	0.000010 0.000010 0.021540 0.000010 0.063820 0.003678 0.000010 0.910922
Ayodo_604C	Luo	0.005872 0.000010 0.030038 0.000010 0.055853 0.000010 0.000010 0.908197
Ayodo_460C	Luo	0.003679 0.000010 0.019347 0.007691 0.061316 0.000010 0.002552 0.905395
HGDP01419	BantuKenya	0.004897 0.000010 0.017764 0.000010 0.039676 0.000010 0.000010 0.937623
HGDP01405	BantuKenya	0.004977 0.000010 0.014197 0.000010 0.041739 0.000010 0.002227 0.936831
HGDP01414	BantuKenya	0.000010 0.007273 0.009833 0.001034 0.035456 0.012349 0.000010 0.934034
HGDP01417	BantuKenya	0.000010 0.001837 0.029376 0.000010 0.036263 0.000010 0.000010 0.932485
HGDP01418	BantuKenya	0.000010 0.000010 0.016393 0.008565 0.042673 0.002203 0.002470 0.927676
HGDP01408	BantuKenya	0.005642 0.005081 0.026698 0.000869 0.035578 0.000010 0.000010 0.926112
DNK05	Dinka	0.030035 0.004604 0.000010 0.004367 0.016021 0.000010 0.022252 0.922702
DNK03	Dinka	0.029071 0.003853 0.010882 0.000010 0.024582 0.000010 0.015854 0.915736
DNK09	Dinka	0.020938 0.000010 0.017735 0.006099 0.023216 0.000010 0.016746 0.915247
DNK15	Dinka	0.036016 0.000010 0.009910 0.009773 0.033427 0.000010 0.000578 0.910277
DNK06	Dinka	0.023627 0.009458 0.020360 0.009053 0.028292 0.000010 0.000010 0.909189
DNK11	Dinka	0.026132 0.014608 0.017496 0.001125 0.037225 0.000014 0.000010 0.903388
DNK07	Dinka	0.027690 0.018540 0.021359 0.000010 0.033728 0.000010 0.000010 0.898653
HG02464	Gambian	0.002359 0.000010 0.001031 0.000010 0.015127 0.002460 0.000010 0.978993
HG02570	Gambian	0.006273 0.000010 0.005775 0.000010 0.016306 0.000010 0.000010 0.971607
HG02465	Gambian	0.001654 0.000652 0.005520 0.000010 0.022477 0.000010 0.000010 0.969668
HG02571	Gambian	0.000010 0.000010 0.010169 0.000010 0.018931 0.000010 0.005754 0.965106
HG02573	Gambian	0.004216 0.002044 0.018224 0.000010 0.015647 0.000010 0.000010 0.959838
HG02574	Gambian	0.000010 0.007589 0.043221 0.000010 0.003965 0.000010 0.000010 0.945185
HGDP01031	BantuSA	0.000010 0.000010 0.000010 0.000010 0.063477 0.000010 0.008756 0.927718
HGDP01028	BantuSA	0.000010 0.000010 0.000010 0.000010 0.071880 0.001249 0.003005 0.923825
HGDP01035	BantuSA	0.000010 0.000010 0.000010 0.000010 0.090116 0.000010 0.000010 0.909824
HGDP01033	BantuSA	0.000017 0.000010 0.000010 0.000010 0.173370 0.001396 0.001986 0.823201
HGDP01034	BantuSA	0.004400 0.000010 0.000010 0.000010 0.222510 0.000010 0.000010 0.773040
HGDP00994	BantuSA	0.000010 0.000010 0.000010 0.000010 0.231409 0.000010 0.000010 0.768531
HGDP00993	BantuSA	0.000580 0.000010 0.000010 0.000010 0.246604 0.000010 0.000010 0.752766
HGDP01030	BantuSA	0.000010 0.000010 0.000010 0.000010 0.330166 0.000010 0.000010 0.669774
HG03057	Mende	0.000010 0.000010 0.000010 0.000010 0.028969 0.000010 0.000010 0.970971
HG03078	Mende	0.000010 0.000010 0.000010 0.002057 0.035458 0.000010 0.000010 0.962435
HG03076	Mende	0.000010 0.000010 0.000010 0.002773 0.038533 0.000010 0.000010 0.958643
HG03085	Mende	0.000010 0.000010 0.000010 0.000010 0.044476 0.000010 0.000010 0.955464
HG03097	Mende	0.000010 0.000010 0.000010 0.000010 0.044730 0.000010 0.000010 0.955210
HG03069	Mende	0.000010 0.000010 0.000010 0.000010 0.052333 0.000327 0.000010 0.947290
HG03072	Mende	0.000973 0.007008 0.000010 0.000010 0.050408 0.000010 0.000010 0.941571
HG03052	Mende	0.000010 0.000010 0.000010 0.000713 0.065463 0.000010 0.000010 0.933774
HGDP00907	Mandenka	0.001003 0.000010 0.000010 0.005350 0.002493 0.000010 0.000010 0.991114
HGDP00904	Mandenka	0.000010 0.000010 0.000010 0.007719 0.003039 0.000010 0.001561 0.987641
HGDP00913	Mandenka	0.000010 0.000010 0.012411 0.000010 0.005378 0.000010 0.000010 0.982161
HGDP01286	Mandenka	0.000010 0.000010 0.014265 0.000010 0.000010 0.003555 0.000010 0.982130
HGDP00908	Mandenka	0.005790 0.000010 0.000010 0.006897 0.006843 0.000010 0.000010 0.980430
HGDP01202	Mandenka	0.004004 0.000010 0.006334 0.000010 0.005802 0.000010 0.005529 0.978301
HGDP01284	Mandenka	0.000010 0.000010 0.012125 0.000010 0.010059 0.000010 0.000010 0.977766
HGDP01199	Mandenka	0.000010 0.003886 0.011341 0.000010 0.008898 0.000010 0.000010 0.975835
HGDP00915	Mandenka	0.006318 0.000010 0.018956 0.000010 0.000010 0.000010 0.000010 0.974676
HGDP00909	Mandenka	0.000010 0.000010 0.004335 0.000556 0.014370 0.000010 0.007342 0.973367
HGDP00917	Mandenka	0.000010 0.000010 0.020208 0.000010 0.000010 0.000010 0.007344 0.972398
HGDP00905	Mandenka	0.012745 0.007241 0.003601 0.000010 0.004419 0.001225 0.000010 0.970750
HGDP01283	Mandenka	0.000010 0.000010 0.022088 0.000010 0.007246 0.000010 0.000010 0.970615
HGDP00912	Mandenka	0.000010 0.000010 0.010943 0.000010 0.013193 0.005445 0.000010 0.970379
HGDP00910	Mandenka	0.000010 0.000010 0.013851 0.008809 0.010870 0.000010 0.000010 0.966430
HGDP01200	Mandenka	0.000010 0.000010 0.013677 0.000010 0.015609 0.006850 0.000010 0.963824
HGDP00906	Mandenka	0.000010 0.000010 0.018340 0.006511 0.021619 0.000010 0.000010 0.953490
NAM088	Wambo	0.000010 0.000010 0.000010 0.001751 0.051203 0.000010 0.000010 0.946995
NAM436	Wambo	0.000010 0.000010 0.000010 0.000010 0.053559 0.000010 0.000010 0.946381
NAM434	Wambo	0.000010 0.000010 0.004444 0.000010 0.053948 0.000010 0.000010 0.941558
NAM453	Wambo	0.000010 0.000010 0.000010 0.000010 0.062327 0.000010 0.000010 0.937613
NAM331	Wambo	0.000010 0.000010 0.000010 0.000010 0.064394 0.000010 0.000010 0.935546
HG02923	Esan	0.000010 0.000010 0.000010 0.000010 0.000010 0.000010 0.000010 0.999930
HG03099	Esan	0.000010 0.000010 0.000010 0.000010 0.000010 0.000010 0.000010 0.999930
HG03100	Esan	0.000010 0.000010 0.000010 0.000010 0.000010 0.000010 0.000010 0.999930
HG03109	Esan	0.000010 0.000010 0.000010 0.000010 0.000010 0.000010 0.000010 0.999930
HG02943	Esan	0.000010 0.000364 0.000010 0.000701 0.005299 0.000010 0.000010 0.993595
HG03108	Esan	0.000010 0.000010 0.000010 0.000010 0.011701 0.000010 0.000010 0.988239
HG02922	Esan	0.000010 0.000010 0.000010 0.000010 0.012655 0.000010 0.000010 0.987285
HG02974	Esan	0.000010 0.000010 0.000010 0.000010 0.015506 0.000010 0.000010 0.984434
HGDP00936	Yoruba	0.000010 0.000010 0.000010 0.000010 0.000010 0.000010 0.000010 0.999930
HGDP00940	Yoruba	0.000010 0.000010 0.000010 0.000010 0.000010 0.000010 0.000010 0.999930
HGDP00941	Yoruba	0.000010 0.000010 0.000010 0.000010 0.000010 0.000010 0.000010 0.999930
HGDP00942	Yoruba	0.000010 0.000010 0.000010 0.000010 0.000010 0.000010 0.000010 0.999930
NA18505	Yoruba	0.000010 0.000010 0.000010 0.000010 0.000010 0.000010 0.000010 0.999930
NA18852	Yoruba	0.000010 0.000010 0.000010 0.000010 0.000010 0.000010 0.000010 0.999930
NA18856	Yoruba	0.000010 0.000010 0.000010 0.000010 0.000010 0.000010 0.000010 0.999930
NA19099	Yoruba	0.000010 0.000010 0.000010 0.000010 0.000010 0.000010 0.000010 0.999930
NA19130	Yoruba	0.000010 0.000010 0.000010 0.000010 0.000010 0.000010 0.000010 0.999930
NA19193	Yoruba	0.000010 0.000010 0.000010 0.000010 0.000010 0.000010 0.000010 0.999930
NA19201	Yoruba	0.000010 0.000010 0.000010 0.000010 0.000010 0.000010 0.000010 0.999930
NA19204	Yoruba	0.000010 0.000010 0.000010 0.000010 0.000010 0.000010 0.000010 0.999930
NA19209	Yoruba	0.000010 0.000010 0.000010 0.000010 0.000010 0.000010 0.000010 0.999930
HGDP00934	Yoruba	0.000010 0.000010 0.000017 0.000010 0.000010 0.000010 0.000010 0.999923
NA19222	Yoruba	0.000010 0.000017 0.000010 0.000010 0.000010 0.000010 0.000010 0.999923
NA18862	Yoruba	0.000010 0.000010 0.000010 0.000406 0.000010 0.000010 0.000010 0.999534
NA19119	Yoruba	0.000010 0.000010 0.000010 0.000831 0.000010 0.000010 0.000010 0.999109
NA19128	Yoruba	0.000010 0.001080 0.000010 0.000010 0.000010 0.000010 0.000010 0.998860
HGDP00933	Yoruba	0.000010 0.000010 0.000010 0.000010 0.000857 0.000010 0.000249 0.998844
HGDP00928	Yoruba	0.000010 0.000010 0.000010 0.000010 0.001336 0.000010 0.000010 0.998604
NA19101	Yoruba	0.000010 0.000010 0.000010 0.000010 0.001410 0.000010 0.000010 0.998530
HGDP00937	Yoruba	0.001419 0.000010 0.000010 0.000010 0.000010 0.000010 0.000010 0.998521
HGDP00929	Yoruba	0.000010 0.000010 0.000010 0.000010 0.001459 0.000010 0.000010 0.998481
NA18504	Yoruba	0.000010 0.000010 0.000010 0.000010 0.001618 0.000010 0.000010 0.998322
NA18871	Yoruba	0.000010 0.000010 0.000010 0.000010 0.001647 0.000010 0.000010 0.998293
NA19143	Yoruba	0.000010 0.000010 0.000010 0.000010 0.002073 0.000010 0.000010 0.997867
NA19098	Yoruba	0.000010 0.000010 0.001157 0.000010 0.000010 0.001236 0.000010 0.997556
NA18858	Yoruba	0.000010 0.000010 0.000010 0.000010 0.002396 0.000010 0.000010 0.997544
HGDP00943	Yoruba	0.000010 0.000010 0.000010 0.000010 0.002796 0.000010 0.000010 0.997144
NA18517	Yoruba	0.000010 0.000010 0.000013 0.000010 0.003368 0.000010 0.000010 0.996569
NA19160	Yoruba	0.000010 0.000010 0.000010 0.000010 0.003380 0.000010 0.000010 0.996560
NA19137	Yoruba	0.000010 0.000010 0.000010 0.000010 0.003644 0.000010 0.000010 0.996296
HGDP00939	Yoruba	0.000010 0.000010 0.000010 0.000041 0.000010 0.003802 0.000010 0.996108
HGDP00931	Yoruba	0.000010 0.000010 0.000010 0.000010 0.004132 0.000012 0.000010 0.995806
NA18870	Yoruba	0.000010 0.000010 0.000010 0.000010 0.004374 0.000010 0.000010 0.995566
NA19223	Yoruba	0.000010 0.000010 0.000010 0.000010 0.004502 0.000010 0.000010 0.995438
NA18522	Yoruba	0.000010 0.000010 0.000010 0.000010 0.004797 0.000010 0.000010 0.995143
NA18859	Yoruba	0.000010 0.000015 0.000010 0.004136 0.000669 0.000010 0.000010 0.995141
HGDP00925	Yoruba	0.000010 0.000010 0.000010 0.000010 0.004979 0.000010 0.000010 0.994961
HGDP00930	Yoruba	0.000010 0.000010 0.000010 0.002893 0.002688 0.000010 0.000010 0.994369
NA18508	Yoruba	0.000056 0.000010 0.000010 0.000010 0.005711 0.000010 0.000010 0.994183
HGDP00924	Yoruba	0.000010 0.000090 0.000010 0.000010 0.003603 0.002576 0.000010 0.993690
NA19131	Yoruba	0.000010 0.000010 0.000010 0.000210 0.006202 0.000010 0.000010 0.993538
HGDP00944	Yoruba	0.000010 0.003762 0.000010 0.000010 0.002857 0.000010 0.000010 0.993330
HGDP00938	Yoruba	0.000010 0.000010 0.000010 0.000010 0.006825 0.000010 0.000010 0.993115
NA19102	Yoruba	0.000010 0.000010 0.000010 0.000010 0.000010 0.006872 0.000010 0.993068
NA19203	Yoruba	0.000010 0.002749 0.000010 0.000010 0.004607 0.000010 0.000010 0.992594
HGDP00935	Yoruba	0.000010 0.000010 0.000010 0.000010 0.008046 0.000010 0.000010 0.991894
NA19116	Yoruba	0.000010 0.000010 0.000010 0.000010 0.008247 0.000010 0.000010 0.991693
NA19238	Yoruba	0.000010 0.000010 0.000010 0.000010 0.008277 0.000010 0.000010 0.991663
NA19093	Yoruba	0.000010 0.000010 0.000010 0.000010 0.008397 0.000010 0.000010 0.991543
NA19207	Yoruba	0.000010 0.000010 0.000010 0.000010 0.009115 0.000010 0.000010 0.990825
NA19171	Yoruba	0.000010 0.003621 0.000010 0.000010 0.006738 0.000010 0.000010 0.989591
NA19206	Yoruba	0.000010 0.000010 0.000010 0.000010 0.010530 0.000010 0.000010 0.989410
NA19138	Yoruba	0.000010 0.000010 0.000010 0.000010 0.011292 0.000010 0.000010 0.988648
HGDP00920	Yoruba	0.000010 0.000010 0.000010 0.000010 0.011678 0.000010 0.000010 0.988262
NA19239	Yoruba	0.000010 0.000010 0.000010 0.000010 0.012808 0.000010 0.000010 0.987132
NA18853	Yoruba	0.000010 0.000010 0.000010 0.000010 0.013063 0.000010 0.000010 0.986877
NA19127	Yoruba	0.000010 0.000010 0.000010 0.000010 0.013428 0.000010 0.000010 0.986512
NA18855	Yoruba	0.000010 0.000691 0.005738 0.004588 0.002336 0.000827 0.000010 0.985800
NA18861	Yoruba	0.002217 0.000010 0.000010 0.000297 0.011891 0.000010 0.000010 0.985555
NA18516	Yoruba	0.000010 0.000010 0.000010 0.000010 0.015942 0.000010 0.000010 0.983998
NA19159	Yoruba	0.000010 0.004760 0.000010 0.000010 0.011271 0.000010 0.000010 0.983919
NA19210	Yoruba	0.000010 0.000010 0.000010 0.000010 0.013198 0.003490 0.000010 0.983262
NA18507	Yoruba	0.000010 0.000012 0.000012 0.003975 0.012727 0.000010 0.000010 0.983245
HGDP00926	Yoruba	0.000010 0.000010 0.000010 0.000010 0.018315 0.000010 0.000010 0.981625
HGDP00932	Yoruba	0.000010 0.000010 0.000010 0.000010 0.018714 0.000010 0.000010 0.981226
NA19144	Yoruba	0.000010 0.003374 0.000010 0.000010 0.016417 0.000010 0.000010 0.980159
NA18501	Yoruba	0.000010 0.000010 0.000010 0.000010 0.026475 0.000010 0.000010 0.973465
NA19141	Yoruba	0.000011 0.004217 0.000010 0.000010 0.023372 0.000010 0.000010 0.972361
NAM172	Khwe	0.000010 0.000010 0.029098 0.000010 0.369974 0.000010 0.000010 0.600878
BOT6.160	Khwe	0.000010 0.000010 0.024855 0.000010 0.391103 0.000010 0.000010 0.583992
NAM167	Khwe	0.000010 0.000010 0.031380 0.000010 0.389031 0.000010 0.000010 0.579539
NAM175	Khwe	0.000010 0.002120 0.026082 0.000010 0.411090 0.000010 0.000010 0.560668
NAM376	Khwe	0.004621 0.000010 0.031911 0.000010 0.409659 0.000010 0.000010 0.553769
NAM179	Khwe	0.000010 0.006063 0.034433 0.000010 0.406432 0.000010 0.000010 0.553031
BOT6.158	Khwe	0.003601 0.008560 0.019484 0.000010 0.428069 0.000010 0.002376 0.537892
BOT6.154	Khwe	0.000018 0.002873 0.029122 0.000010 0.445029 0.001166 0.000010 0.521773
NAM321	Nama	0.000010 0.000703 0.079013 0.000010 0.855866 0.000010 0.000010 0.064378
NAM325	Nama	0.000010 0.005311 0.065277 0.000010 0.821026 0.000010 0.000010 0.108347
NAM317	Nama	0.000010 0.000010 0.076276 0.000010 0.808341 0.000010 0.000010 0.115333
NAM445	Nama	0.008979 0.000010 0.107324 0.000010 0.767865 0.018290 0.000049 0.097474
NAM326	Nama	0.008250 0.000011 0.060821 0.000010 0.741105 0.000010 0.000010 0.189784
NAM299	Nama	0.009534 0.000010 0.134518 0.000010 0.734228 0.000010 0.009136 0.112554
NAM442	Nama	0.006334 0.000293 0.181904 0.000359 0.707634 0.007972 0.000010 0.095493
NAM429	Nama	0.000010 0.009595 0.077476 0.004069 0.699101 0.000193 0.000010 0.209547
NAM444	Nama	0.016666 0.004328 0.051210 0.003157 0.695124 0.000010 0.000010 0.229494
NAM304	Nama	0.000010 0.002452 0.235920 0.002509 0.651057 0.012774 0.004724 0.090555
NAM412	Nama	0.000010 0.000010 0.071647 0.000010 0.630485 0.001206 0.000010 0.296622
NAM415	Nama	0.000012 0.000010 0.139087 0.004145 0.586646 0.000010 0.000010 0.270081
NAM308	Nama	0.022562 0.019578 0.189399 0.003875 0.580439 0.001619 0.003865 0.178662
NAM448	Nama	0.034475 0.000010 0.231868 0.000010 0.532612 0.015039 0.000010 0.185977
NAM427	Nama	0.007280 0.003045 0.059251 0.000010 0.480520 0.000010 0.000010 0.449874
NAM424	Nama	0.009810 0.007448 0.062744 0.000010 0.416279 0.011038 0.000010 0.492661
BOT6.208	Shua	0.004671 0.000010 0.013626 0.000378 0.292874 0.001046 0.000010 0.687385
BOT6.199	Shua	0.000010 0.003468 0.044809 0.000010 0.364061 0.000010 0.002666 0.584966
BOT6.196	Shua	0.000010 0.007148 0.046159 0.000010 0.368996 0.000010 0.000010 0.577656
BOT6.222	Shua	0.010773 0.000040 0.018422 0.000010 0.401806 0.000010 0.007065 0.561874
BOT6.233	Shua	0.000010 0.000133 0.025677 0.000010 0.426104 0.000010 0.000010 0.548046
BOT6.200	Shua	0.001410 0.000087 0.033614 0.000010 0.418241 0.007840 0.000010 0.538788
BOT6.245	Shua	0.005532 0.000010 0.034833 0.000010 0.431109 0.003684 0.000010 0.524813
BOT6.235	Shua	0.000010 0.005387 0.042732 0.000010 0.432032 0.000010 0.000010 0.519810
BOT6.252	Shua	0.001390 0.003488 0.047715 0.000010 0.477553 0.000010 0.000010 0.469824
BOT6.417	Tswana	0.000010 0.000010 0.000010 0.000010 0.147801 0.000010 0.000010 0.852139
BOT6.413	Tswana	0.000010 0.000010 0.000010 0.000010 0.190539 0.000010 0.000010 0.809401
BOT6.460	Tswana	0.000010 0.000010 0.000010 0.000010 0.267236 0.000010 0.000010 0.732704
BOT6.476	Tswana	0.000010 0.000010 0.000010 0.000010 0.309541 0.000010 0.000010 0.690399
BOT6.475	Tswana	0.000010 0.000010 0.000010 0.000010 0.347416 0.000010 0.000010 0.652524
NAM370	Haiom	0.000010 0.000010 0.035797 0.000010 0.674234 0.001282 0.000010 0.288647
NAM371	Haiom	0.028639 0.001446 0.014708 0.000010 0.615097 0.000010 0.000010 0.340080
NAM369	Haiom	0.000010 0.005960 0.045197 0.000010 0.591770 0.000010 0.000010 0.357032
NAM211	Haiom	0.016705 0.007779 0.045006 0.000010 0.533408 0.000010 0.000010 0.397072
NAM232	Haiom	0.000010 0.004072 0.043248 0.000010 0.505890 0.000010 0.000010 0.446750
NAM217	Haiom	0.000010 0.000624 0.052779 0.000010 0.504027 0.000010 0.000947 0.441593
NAM209	Haiom	0.000010 0.004923 0.067179 0.010037 0.485541 0.000010 0.001394 0.430907
NAM296	Himba	0.000010 0.000010 0.000010 0.000010 0.065519 0.000010 0.000010 0.934421
NAM294	Himba	0.000010 0.000010 0.000010 0.000010 0.070167 0.000010 0.000010 0.929773
NAM401	Himba	0.000010 0.000010 0.000010 0.000010 0.091222 0.000010 0.000010 0.908718
NAM295	Himba	0.000010 0.000010 0.000010 0.000010 0.107940 0.000010 0.000010 0.892000
NAM246	Damara	0.000010 0.000010 0.000010 0.000010 0.052247 0.000010 0.000010 0.947693
NAM410	Damara	0.000010 0.000010 0.000010 0.000010 0.056548 0.000010 0.000010 0.943392
NAM267	Damara	0.000010 0.000010 0.000010 0.000010 0.056733 0.000010 0.000010 0.943207
NAM262	Damara	0.000010 0.000010 0.000010 0.000010 0.058566 0.000010 0.000010 0.941374
NAM268	Damara	0.000010 0.000014 0.000010 0.002322 0.059716 0.000010 0.000010 0.937909
NAM259	Damara	0.000010 0.000014 0.000010 0.000010 0.066710 0.000010 0.000010 0.933225
NAM399	Damara	0.000010 0.003982 0.000179 0.000010 0.065928 0.000010 0.000010 0.929871
NAM245	Damara	0.000010 0.000010 0.000010 0.000010 0.073195 0.000010 0.000010 0.926745
NAM452	Damara	0.000010 0.000010 0.000010 0.000010 0.083358 0.000010 0.000010 0.916582
NAM284	Damara	0.000010 0.000010 0.000063 0.000010 0.097740 0.000010 0.000010 0.902147
NAM395	Damara	0.000010 0.000010 0.013292 0.000010 0.140366 0.000010 0.005195 0.841107
NAM277	Damara	0.000010 0.000010 0.004360 0.000701 0.160992 0.000010 0.000010 0.833906
KGA017	Kgalagadi	0.000010 0.000010 0.000010 0.000010 0.310135 0.000010 0.000010 0.689805
KGA003	Kgalagadi	0.000010 0.000010 0.000010 0.000010 0.322221 0.000010 0.000010 0.677719
KGA004	Kgalagadi	0.000010 0.000010 0.000010 0.000604 0.358920 0.000010 0.000010 0.640426
BOT6.566	Kgalagadi	0.000010 0.000010 0.000010 0.000010 0.409753 0.000010 0.000010 0.590187
BOT6.004	Kgalagadi	0.000010 0.000010 0.000010 0.000010 0.504924 0.000010 0.000010 0.495016
Hadza006	Hadza	0.014065 0.016225 0.075587 0.000010 0.137825 0.000010 0.000010 0.756269
Hadza002	Hadza	0.000010 0.014643 0.060501 0.000010 0.158903 0.017971 0.000010 0.747953
Hadza010	Hadza	0.021673 0.000010 0.086658 0.000010 0.153162 0.000010 0.010083 0.728394
Hadza013	Hadza	0.000010 0.013768 0.076304 0.010327 0.155710 0.001039 0.015440 0.727403
Hadza008	Hadza	0.016406 0.007566 0.059780 0.000010 0.175734 0.009650 0.013299 0.717556
Hadza003	Hadza	0.014347 0.019926 0.064454 0.000010 0.189412 0.001973 0.007212 0.702666
Hadza012	Hadza	0.024176 0.007711 0.063469 0.000010 0.186143 0.000010 0.019832 0.698649
Hadza018	Hadza	0.020158 0.012127 0.074740 0.000010 0.178376 0.000010 0.016675 0.697904
Hadza011	Hadza	0.006338 0.019118 0.084757 0.000010 0.187637 0.005966 0.000010 0.696163
Hadza001	Hadza	0.033370 0.009910 0.071893 0.002729 0.183005 0.000010 0.012920 0.686162
Hadza007	Hadza	0.004835 0.013801 0.090552 0.004598 0.200074 0.000010 0.006870 0.679260
Hadza004	Hadza	0.020569 0.011833 0.066657 0.004328 0.212685 0.002287 0.007089 0.674553
Bar08	Hadza	0.027448 0.012957 0.070234 0.000010 0.205799 0.000010 0.019576 0.663966
Bar04	Hadza	0.034173 0.014417 0.061933 0.003601 0.214532 0.000010 0.017893 0.653441
Hadza019	Hadza	0.028822 0.016523 0.077108 0.000010 0.217872 0.000010 0.007156 0.652498
Hadza017	Hadza	0.016198 0.012676 0.083485 0.006658 0.220666 0.000010 0.014776 0.645531
End08	Hadza	0.025554 0.021514 0.073690 0.001064 0.233487 0.000010 0.003829 0.640852
Hadza005	Hadza	0.031592 0.018699 0.071757 0.000010 0.226703 0.004527 0.008287 0.638425
Hadza016	Hadza	0.033026 0.016836 0.070588 0.005775 0.232135 0.004546 0.002224 0.634870
Hadza020	Hadza	0.027949 0.014742 0.086830 0.000010 0.227607 0.008951 0.000010 0.633901
Bar13	Hadza	0.012765 0.024501 0.085125 0.013847 0.224763 0.000053 0.012932 0.626014
Bar10	Hadza	0.050596 0.013439 0.079813 0.004054 0.226104 0.000010 0.002051 0.623933
SA016	Khomani	0.000010 0.000010 0.000010 0.000010 0.950574 0.000010 0.000010 0.049366
SA047	Khomani	0.000010 0.000010 0.000010 0.000010 0.877219 0.000010 0.000010 0.122721
SA010	Khomani	0.000010 0.000514 0.000010 0.000010 0.869926 0.000010 0.000010 0.129509
SA063	Khomani	0.002024 0.000010 0.044437 0.000010 0.820915 0.000010 0.001462 0.131131
SA018	Khomani	0.002318 0.000010 0.000836 0.000010 0.801614 0.000010 0.000010 0.195192
SA1025	Khomani	0.003050 0.007612 0.016868 0.000010 0.748782 0.002423 0.000010 0.221245
SA078	Khomani	0.025662 0.000010 0.237861 0.011897 0.694671 0.027263 0.000010 0.002626
SA073	Khomani	0.000010 0.011680 0.071920 0.000010 0.675105 0.004030 0.020680 0.216565
SA064	Khomani	0.047065 0.013312 0.113810 0.000775 0.648733 0.011625 0.000010 0.164670
SA1004	Khomani	0.025854 0.000010 0.060839 0.002854 0.612003 0.000010 0.000010 0.298419
SA083	Khomani	0.086942 0.005119 0.220256 0.005940 0.605325 0.005343 0.012772 0.058304
BOT5.034	Gana	0.000010 0.001932 0.013527 0.000010 0.815766 0.000010 0.000010 0.168735
BOT6.259	Gana	0.000010 0.000010 0.017959 0.000712 0.758178 0.000010 0.000010 0.223110
BOT6.258	Gana	0.000010 0.000010 0.016023 0.000010 0.673693 0.000010 0.002593 0.307651
BOT6.264	Gana	0.006814 0.000010 0.010318 0.000010 0.625069 0.000010 0.000010 0.357758
BOT5.018	Gana	0.000010 0.000010 0.000796 0.000010 0.620447 0.000010 0.000010 0.378708
BOT5.026	Gana	0.000010 0.002807 0.000010 0.000010 0.577938 0.000010 0.000302 0.418914
BOT5.033	Gana	0.000989 0.000010 0.000010 0.000010 0.549929 0.000010 0.000010 0.449031
BOT5.036	Gana	0.000010 0.000010 0.000010 0.000010 0.533277 0.000010 0.000010 0.466663
BOT6.292	Tshwa	0.000010 0.006771 0.011651 0.002707 0.732298 0.000010 0.000010 0.246543
BOT6.279	Tshwa	0.002758 0.007163 0.002495 0.000010 0.584724 0.000010 0.000010 0.402831
BOT6.278	Tshwa	0.000010 0.001865 0.003077 0.005082 0.582701 0.000010 0.000010 0.407245
BOT6.274	Tshwa	0.000010 0.000010 0.013854 0.001094 0.576312 0.000010 0.001325 0.407386
BOT6.280	Tshwa	0.000010 0.005940 0.004262 0.001789 0.561442 0.000010 0.000010 0.426537
HGDP00986	Biaka	0.000010 0.000010 0.000010 0.000010 0.289896 0.000010 0.000010 0.710044
HGDP00472	Biaka	0.000010 0.000010 0.000010 0.000010 0.291549 0.000010 0.004227 0.704174
HGDP00460	Biaka	0.000010 0.000010 0.000010 0.000010 0.300814 0.000010 0.000010 0.699126
HGDP00470	Biaka	0.000010 0.000010 0.000010 0.000010 0.305803 0.000010 0.000010 0.694137
HGDP00457	Biaka	0.000010 0.000010 0.000010 0.000010 0.308028 0.000010 0.000010 0.691912
HGDP00459	Biaka	0.000010 0.000010 0.000010 0.000010 0.311697 0.000010 0.000010 0.688243
HGDP00464	Biaka	0.000010 0.000010 0.000010 0.000971 0.312197 0.000010 0.000010 0.686782
HGDP00475	Biaka	0.000010 0.002042 0.000013 0.000010 0.311507 0.000010 0.000010 0.686397
HGDP00469	Biaka	0.000010 0.000010 0.000010 0.000010 0.315341 0.000010 0.000010 0.684599
HGDP00985	Biaka	0.000010 0.000010 0.000010 0.000010 0.316850 0.000010 0.000010 0.683090
HGDP00454	Biaka	0.000010 0.000010 0.000010 0.000010 0.317485 0.000010 0.000010 0.682455
HGDP01090	Biaka	0.000010 0.000010 0.000010 0.000010 0.318218 0.000010 0.000010 0.681722
HGDP00473	Biaka	0.000010 0.004409 0.000010 0.000010 0.314495 0.000010 0.000010 0.681046
HGDP00466	Biaka	0.000010 0.000010 0.000010 0.000010 0.321509 0.000010 0.000010 0.678431
HGDP01086	Biaka	0.000010 0.000010 0.000010 0.001146 0.319677 0.000010 0.002259 0.676877
HGDP00455	Biaka	0.000010 0.000010 0.000010 0.000010 0.324883 0.000010 0.000010 0.675057
HGDP00461	Biaka	0.000010 0.000010 0.000010 0.000010 0.326392 0.000010 0.000010 0.673548
HGDP01094	Biaka	0.000010 0.000010 0.000010 0.000010 0.329107 0.000010 0.000010 0.670833
HGDP00458	Biaka	0.000010 0.000017 0.000010 0.000010 0.329958 0.000010 0.000010 0.669975
HGDP00465	Biaka	0.000010 0.002122 0.000010 0.000010 0.329324 0.000010 0.000010 0.668504
NAM119	Xuun	0.005455 0.004560 0.002039 0.001305 0.830752 0.000010 0.001406 0.154472
NAM115	Xuun	0.000010 0.006942 0.009009 0.000010 0.830255 0.003073 0.000010 0.150690
NAM129	Xuun	0.012432 0.000010 0.004321 0.000010 0.829464 0.000010 0.000010 0.153744
NAM188	Xuun	0.000010 0.000010 0.000010 0.000010 0.804805 0.000010 0.000010 0.195135
NAM361	Xuun	0.000010 0.000010 0.003939 0.000010 0.799145 0.000010 0.010837 0.186039
NAM191	Xuun	0.000010 0.000010 0.000010 0.000010 0.785737 0.000010 0.006261 0.207952
NAM107	Xuun	0.000634 0.000010 0.008070 0.000015 0.784086 0.007651 0.000010 0.199524
NAM201	Xuun	0.000010 0.000010 0.013952 0.000010 0.780078 0.003255 0.000010 0.202674
NAM109	Xuun	0.005371 0.002924 0.010351 0.000010 0.745441 0.000010 0.000010 0.235883
