Egypt9	Egyptian	0.000010 0.091392 0.096113 0.000010 0.000010 0.733191 0.000010 0.079264
Egypt7	Egyptian	0.003347 0.076277 0.103604 0.000010 0.000010 0.730509 0.000010 0.086234
Egypt7AQ172	Egyptian	0.000010 0.089890 0.082185 0.000010 0.000010 0.727394 0.000010 0.100490
Egypt12	Egyptian	0.000472 0.061540 0.120704 0.000010 0.000010 0.720432 0.007563 0.089270
Egypt17AQ176	Egyptian	0.007964 0.075971 0.104256 0.000010 0.000010 0.718035 0.008702 0.085052
Egypt10	Egyptian	0.000663 0.065786 0.110294 0.000010 0.000010 0.716685 0.000010 0.106543
Egypt3AQ172	Egyptian	0.009816 0.093977 0.103225 0.000010 0.000010 0.715917 0.000010 0.077036
Egypt8AT113	Egyptian	0.000010 0.068408 0.104955 0.000010 0.000010 0.709829 0.000010 0.116768
Egypt3	Egyptian	0.000010 0.072093 0.090925 0.000010 0.000010 0.709736 0.003728 0.123488
Egypt15AQ172	Egyptian	0.014483 0.083565 0.103180 0.000010 0.000010 0.709388 0.000010 0.089354
Egypt12AQ172	Egyptian	0.004324 0.089271 0.104528 0.000010 0.000010 0.707601 0.000010 0.094245
Egypt1AQ172	Egyptian	0.000010 0.099317 0.104569 0.000010 0.000010 0.705093 0.001021 0.089969
Egypt9AQ172	Egyptian	0.009927 0.081876 0.095061 0.000010 0.000010 0.704961 0.000010 0.108144
Egypt5AQ172	Egyptian	0.000819 0.118037 0.093071 0.000010 0.000010 0.697740 0.005837 0.084477
Egypt9AQ177	Egyptian	0.004319 0.082489 0.096071 0.000010 0.000010 0.693321 0.000010 0.123770
Egypt22TD21	Egyptian	0.010726 0.096527 0.093332 0.000010 0.000010 0.693077 0.000010 0.106308
Egypt11	Egyptian	0.000010 0.074161 0.111304 0.006106 0.000010 0.687102 0.005975 0.115332
Egypt1	Egyptian	0.007044 0.086354 0.119956 0.000010 0.000010 0.667144 0.000010 0.119473
MoroccanJew4683	Moroccan_Jew	0.003254 0.085378 0.046437 0.000010 0.000010 0.847671 0.000010 0.017231
MoroccanJew4692	Moroccan_Jew	0.003566 0.087478 0.048213 0.000010 0.000010 0.841109 0.000010 0.019604
MoroccanJew5126	Moroccan_Jew	0.000010 0.082053 0.048446 0.005457 0.000010 0.839257 0.000010 0.024757
MoroccanJew4789	Moroccan_Jew	0.000010 0.089319 0.046896 0.000010 0.000010 0.833267 0.008804 0.021685
MoroccanJew4634	Moroccan_Jew	0.000010 0.098471 0.060725 0.000431 0.001399 0.820035 0.000010 0.018919
MoroccanJew5168	Moroccan_Jew	0.000010 0.085588 0.062407 0.019706 0.000010 0.816780 0.000010 0.015489
Tunisian20C4	Tunisian	0.021758 0.000010 0.097234 0.000010 0.000010 0.739892 0.000010 0.141076
Tunisian20F4	Tunisian	0.015319 0.000011 0.089364 0.000010 0.000849 0.716982 0.026913 0.150552
Tunisian20B4	Tunisian	0.000010 0.061346 0.084906 0.000010 0.000010 0.706595 0.013932 0.133191
Tunisian20A5	Tunisian	0.000010 0.001055 0.117146 0.000010 0.000010 0.704021 0.015870 0.161877
Tunisian20D4	Tunisian	0.001336 0.002913 0.084929 0.001186 0.000010 0.703467 0.021209 0.184950
Tunisian200000	Tunisian	0.003263 0.045486 0.109616 0.002433 0.000010 0.700085 0.000010 0.139098
Tunisian20C1	Tunisian	0.007799 0.037421 0.123542 0.000010 0.000010 0.697880 0.000010 0.133328
Tunisian20D1	Tunisian	0.014927 0.018894 0.102916 0.000010 0.000010 0.689039 0.007493 0.166712
TunisianJew1531	Tunisian_Jew	0.007097 0.050885 0.059109 0.000010 0.000010 0.865241 0.000010 0.017637
TunisianJew1170	Tunisian_Jew	0.002284 0.084714 0.054873 0.000010 0.000010 0.839664 0.000010 0.018436
TunisianJew1421	Tunisian_Jew	0.000615 0.071547 0.071787 0.003435 0.000010 0.837495 0.000010 0.015100
TunisianJew1763	Tunisian_Jew	0.002722 0.075426 0.058139 0.000010 0.000010 0.834050 0.000010 0.029633
TunisianJew1544	Tunisian_Jew	0.003350 0.087147 0.049104 0.000161 0.000010 0.831963 0.003206 0.025058
TunisianJew1507	Tunisian_Jew	0.006055 0.079094 0.071278 0.000010 0.000010 0.823166 0.000010 0.020378
TunisianJew1511	Tunisian_Jew	0.005363 0.075728 0.077758 0.000010 0.000010 0.821538 0.001142 0.018453
LibyanJew1659	Libyan_Jew	0.000010 0.067921 0.072150 0.000010 0.000878 0.837114 0.000010 0.021907
LibyanJew1263	Libyan_Jew	0.000010 0.080752 0.048020 0.001885 0.000319 0.833011 0.000010 0.035994
LibyanJew1605	Libyan_Jew	0.010984 0.058372 0.057923 0.003562 0.000010 0.831735 0.000010 0.037403
LibyanJew1462	Libyan_Jew	0.000010 0.082663 0.065939 0.000010 0.000010 0.828841 0.007310 0.015217
LibyanJew1601	Libyan_Jew	0.006095 0.072935 0.069041 0.000010 0.000010 0.827089 0.004987 0.019831
LibyanJew1611	Libyan_Jew	0.004950 0.079029 0.060644 0.004188 0.003289 0.826101 0.008854 0.012946
LibyanJew1639	Libyan_Jew	0.000010 0.099580 0.067350 0.000010 0.000010 0.816126 0.000010 0.016904
LibyanJew1104	Libyan_Jew	0.009923 0.103806 0.062670 0.000010 0.000010 0.816042 0.003695 0.003844
LibyanJew1438	Libyan_Jew	0.008848 0.087098 0.054767 0.000010 0.001207 0.814373 0.000010 0.033686
HGDP01263	Mozabite	0.000010 0.000010 0.096414 0.000010 0.000010 0.765981 0.008514 0.129051
HGDP01255	Mozabite	0.003547 0.008732 0.065595 0.007985 0.000010 0.740501 0.000010 0.173621
HGDP01278	Mozabite	0.000010 0.000010 0.088441 0.000010 0.000010 0.739479 0.006599 0.165441
HGDP01258	Mozabite	0.003446 0.000010 0.094188 0.000010 0.000010 0.732674 0.003931 0.165732
HGDP01275	Mozabite	0.003406 0.000010 0.084325 0.000010 0.000010 0.732236 0.000010 0.179993
HGDP01282	Mozabite	0.016715 0.000010 0.094161 0.000010 0.000010 0.730200 0.000010 0.158885
HGDP01254	Mozabite	0.003537 0.000010 0.095806 0.000010 0.000010 0.729843 0.017706 0.153077
HGDP01264	Mozabite	0.003096 0.000010 0.094701 0.000010 0.000010 0.726008 0.001251 0.174914
HGDP01253	Mozabite	0.000010 0.000010 0.098568 0.000010 0.000010 0.724286 0.007037 0.170069
HGDP01280	Mozabite	0.004379 0.000010 0.102664 0.000010 0.000010 0.722120 0.000010 0.170796
HGDP01272	Mozabite	0.000010 0.000010 0.098882 0.000010 0.000010 0.719491 0.012039 0.169549
HGDP01277	Mozabite	0.007821 0.000010 0.093001 0.000010 0.000010 0.717907 0.000010 0.181231
HGDP01265	Mozabite	0.010141 0.000010 0.090066 0.004338 0.000010 0.714760 0.000010 0.180666
HGDP01276	Mozabite	0.001381 0.000010 0.100497 0.001393 0.000010 0.707502 0.000010 0.189196
HGDP01256	Mozabite	0.002225 0.000010 0.094706 0.000010 0.000010 0.706559 0.005163 0.191318
HGDP01268	Mozabite	0.013894 0.000010 0.116104 0.000010 0.000010 0.705935 0.000010 0.164027
HGDP01257	Mozabite	0.000012 0.000010 0.073724 0.000010 0.000010 0.704473 0.000010 0.221751
HGDP01262	Mozabite	0.012809 0.000010 0.112600 0.000010 0.000010 0.701643 0.000010 0.172908
HGDP01279	Mozabite	0.021116 0.000010 0.110022 0.000010 0.000010 0.699393 0.000010 0.169429
HGDP01259	Mozabite	0.009480 0.000010 0.077436 0.000010 0.000010 0.692562 0.017220 0.203272
HGDP01274	Mozabite	0.006031 0.000010 0.085540 0.000010 0.000010 0.660777 0.006906 0.240716
Algerian43A34	Algerian	0.006837 0.000010 0.089705 0.000010 0.000010 0.754266 0.002646 0.146516
Algerian43A13	Algerian	0.000010 0.000010 0.091549 0.005224 0.000010 0.714455 0.003817 0.184925
Algerian43A23	Algerian	0.021997 0.000010 0.082196 0.000010 0.000010 0.702745 0.005382 0.187650
Algerian43A24	Algerian	0.017141 0.000010 0.088624 0.003168 0.000010 0.696683 0.006805 0.187559
Algerian43A22	Algerian	0.011502 0.000010 0.088490 0.000010 0.000010 0.689105 0.025812 0.185060
Algerian43A21	Algerian	0.014024 0.020088 0.082829 0.000010 0.000010 0.686066 0.010643 0.186328
Algerian43A32	Algerian	0.010093 0.004545 0.089293 0.000010 0.000010 0.683448 0.034041 0.178559
SAH9	Saharawi	0.005906 0.000010 0.094855 0.000010 0.000010 0.695777 0.000010 0.203422
SAH21	Saharawi	0.006472 0.000010 0.096704 0.000010 0.000010 0.690290 0.000479 0.206025
SAH24	Saharawi	0.010126 0.000010 0.115779 0.000010 0.000010 0.683307 0.007822 0.182936
SAH18	Saharawi	0.013976 0.000010 0.129413 0.000010 0.000010 0.681976 0.000161 0.174444
SAH27	Saharawi	0.000010 0.000010 0.113771 0.000010 0.000010 0.679853 0.001392 0.204944
SAH34	Saharawi	0.005905 0.000010 0.105548 0.000010 0.000010 0.669533 0.000010 0.218974
EthiopianJew1818	Ethiopian_Jew	0.009527 0.017332 0.224985 0.000010 0.000010 0.465950 0.000010 0.282175
EthiopianJew1574	Ethiopian_Jew	0.000944 0.028336 0.222994 0.000010 0.000010 0.450205 0.000607 0.296894
EthiopianJew1822	Ethiopian_Jew	0.013002 0.030694 0.214220 0.000010 0.006824 0.445967 0.018508 0.270774
EthiopianJew1831	Ethiopian_Jew	0.008716 0.034253 0.213100 0.000010 0.000010 0.443620 0.000010 0.300281
EthiopianJew1804	Ethiopian_Jew	0.007525 0.034480 0.229316 0.000010 0.000010 0.438382 0.004142 0.286135
EthiopianJew1570	Ethiopian_Jew	0.000010 0.029625 0.234298 0.000010 0.004676 0.433473 0.017553 0.280354
EthiopianJew4690	Ethiopian_Jew	0.005785 0.030979 0.216901 0.000010 0.004846 0.432953 0.018658 0.289868
ADR20107	Oromo	0.013571 0.000010 0.254181 0.000010 0.009163 0.323848 0.012931 0.386286
ADR20112	Oromo	0.007628 0.019132 0.239064 0.000010 0.019273 0.337814 0.002468 0.374611
ADR20106	Oromo	0.004442 0.036497 0.253083 0.000010 0.000010 0.347113 0.000010 0.358836
ADR20109	Oromo	0.008070 0.023589 0.245171 0.000010 0.045230 0.330088 0.001982 0.345859
Ayodo_5S	Somali	0.001305 0.001539 0.222320 0.000010 0.000898 0.350086 0.000010 0.423832
Ayodo_69S	Somali	0.016414 0.000010 0.230974 0.001629 0.004160 0.331082 0.012994 0.402736
Ayodo_41S	Somali	0.001999 0.017417 0.250292 0.000010 0.000010 0.315850 0.016624 0.397798
Ayodo_40S	Somali	0.006904 0.002272 0.218013 0.000010 0.000010 0.354570 0.020815 0.397405
Ayodo_21S	Somali	0.015307 0.000010 0.233564 0.000010 0.009874 0.336661 0.010770 0.393804
Ayodo_52S	Somali	0.003478 0.014873 0.224914 0.000010 0.016443 0.346838 0.001761 0.391682
Ayodo_34S	Somali	0.017003 0.029171 0.231283 0.000010 0.000010 0.340497 0.000400 0.381626
Ayodo_81S	Somali	0.014887 0.003648 0.238637 0.000010 0.000010 0.361890 0.000010 0.380909
Ayodo_35S	Somali	0.000626 0.007032 0.250538 0.000010 0.003242 0.346867 0.012280 0.379404
Ayodo_23S	Somali	0.017137 0.013144 0.253797 0.000010 0.000010 0.348054 0.005394 0.362454
Ayodo_90S	Somali	0.023260 0.006299 0.256022 0.000010 0.000546 0.359553 0.000010 0.354300
Ayodo_61S	Somali	0.010183 0.019683 0.256248 0.000010 0.014902 0.341844 0.003992 0.353138
Ayodo_43S	Somali	0.009313 0.016365 0.238390 0.000010 0.000010 0.368673 0.019977 0.347261
GOR063	Datog	0.004965 0.002507 0.251104 0.000010 0.021612 0.234875 0.024264 0.460664
GOR067	Datog	0.009689 0.010908 0.280436 0.000010 0.029950 0.235853 0.000010 0.433145
GOR049	Datog	0.014415 0.006670 0.251713 0.002967 0.043842 0.248365 0.009028 0.423000
Ayodo_103M	Masai	0.000010 0.016212 0.203115 0.008652 0.028291 0.160168 0.000010 0.583542
NA21487	Masai	0.003570 0.031052 0.208564 0.000010 0.014821 0.166442 0.000010 0.575532
NA21477	Masai	0.005601 0.002824 0.217162 0.000010 0.017976 0.179561 0.012592 0.564274
Ayodo_101M	Masai	0.004366 0.026271 0.225439 0.000010 0.018097 0.164273 0.000010 0.561534
NA21490	Masai	0.011267 0.019755 0.236901 0.000010 0.012504 0.165490 0.000010 0.554064
NA21581	Masai	0.009130 0.006014 0.229039 0.008205 0.023639 0.186816 0.000010 0.537148
NA21648	Masai	0.005687 0.016369 0.246610 0.002370 0.019833 0.177812 0.000010 0.531309
NA21366	Masai	0.008835 0.021733 0.203678 0.000010 0.029369 0.192241 0.014185 0.529949
NA21310	Masai	0.011829 0.014476 0.224631 0.004840 0.019466 0.183894 0.012789 0.528075
NA21425	Masai	0.014087 0.006978 0.222991 0.000010 0.022873 0.222323 0.001525 0.509214
NA21302	Masai	0.000010 0.020506 0.220046 0.003503 0.041947 0.213829 0.001184 0.498975
NA21514	Masai	0.008132 0.029850 0.232607 0.000010 0.018553 0.216558 0.009679 0.484610
Ayodo_47K	Kikuyu	0.011344 0.008075 0.158236 0.000010 0.034938 0.114356 0.000010 0.673032
Ayodo_67K	Kikuyu	0.007246 0.001546 0.170583 0.000010 0.035277 0.119633 0.004864 0.660841
Ayodo_61K	Kikuyu	0.001453 0.000010 0.180968 0.000010 0.033245 0.129650 0.011797 0.642867
Ayodo_83K	Kikuyu	0.009269 0.002926 0.155914 0.000010 0.040264 0.152097 0.000010 0.639509
Sandawe021	Sandawe	0.000010 0.013503 0.176122 0.000010 0.077704 0.125165 0.000010 0.607475
Sandawe001	Sandawe	0.012755 0.001435 0.203446 0.004596 0.092065 0.143196 0.000010 0.542496
Sandawe019	Sandawe	0.005928 0.003220 0.196291 0.003481 0.085940 0.162181 0.000678 0.542280
Sandawe023	Sandawe	0.015585 0.005611 0.212491 0.000010 0.090734 0.132217 0.008641 0.534711
Sandawe012	Sandawe	0.010919 0.004010 0.210610 0.000010 0.099146 0.146748 0.012565 0.515992
Sandawe024	Sandawe	0.019710 0.002753 0.220676 0.003021 0.099210 0.143020 0.000010 0.511600
Sandawe016	Sandawe	0.010681 0.000010 0.226147 0.000010 0.102391 0.158767 0.002313 0.499681
Sandawe022	Sandawe	0.014497 0.017157 0.217795 0.000010 0.102667 0.134575 0.014480 0.498818
Sandawe013	Sandawe	0.011504 0.000931 0.240980 0.004361 0.090303 0.151063 0.004995 0.495863
Sandawe005	Sandawe	0.003603 0.000010 0.234658 0.000010 0.114852 0.143122 0.016063 0.487683
Sandawe002	Sandawe	0.009467 0.000010 0.247272 0.000010 0.122061 0.134671 0.000010 0.486499
Sandawe007	Sandawe	0.016458 0.002801 0.243895 0.000010 0.104055 0.146561 0.000010 0.486210
Sandawe003	Sandawe	0.004339 0.020866 0.218707 0.000010 0.120764 0.149950 0.000579 0.484785
Sandawe025	Sandawe	0.007761 0.024431 0.212979 0.000010 0.121043 0.150310 0.000730 0.482736
Sandawe014	Sandawe	0.013430 0.000010 0.228845 0.000010 0.124874 0.157344 0.000732 0.474756
Sandawe009	Sandawe	0.002577 0.008628 0.242209 0.000010 0.122827 0.144644 0.005804 0.473302
Sandawe008	Sandawe	0.001042 0.000010 0.239802 0.001437 0.123159 0.155891 0.006735 0.471923
Sandawe020	Sandawe	0.012871 0.000010 0.244579 0.000010 0.119628 0.145373 0.007912 0.469618
Sandawe018	Sandawe	0.021555 0.000010 0.241362 0.000010 0.126012 0.142323 0.000010 0.468718
Sandawe011	Sandawe	0.007718 0.000010 0.239572 0.000010 0.123393 0.167372 0.000010 0.461915
Sandawe027	Sandawe	0.018180 0.000010 0.252554 0.000189 0.120297 0.154966 0.000010 0.453794
Sandawe006	Sandawe	0.014646 0.018852 0.240341 0.000010 0.120859 0.160551 0.000010 0.444732
AD_505	AA	0.000010 0.000010 0.000010 0.004507 0.002442 0.083167 0.005262 0.904591
AD_511	AA	0.005309 0.000010 0.002045 0.001597 0.002130 0.092410 0.000010 0.896490
AD_510	AA	0.003334 0.000010 0.007670 0.014552 0.000010 0.101809 0.000010 0.872605
AD_015	AA	0.005538 0.014129 0.000883 0.004983 0.027801 0.085846 0.000010 0.860809
AD_006	AA	0.000010 0.014041 0.003221 0.009904 0.029109 0.081102 0.001929 0.860685
AD_500	AA	0.007280 0.000010 0.000010 0.034220 0.026633 0.079075 0.000010 0.852763
AD_064	AA	0.006802 0.000010 0.004166 0.016942 0.028115 0.105332 0.000010 0.838622
AD_061	AA	0.005953 0.003302 0.004562 0.018700 0.018720 0.133263 0.000010 0.815490
AD_076	AA	0.005606 0.000010 0.020160 0.021611 0.006800 0.148546 0.011119 0.786149
AD_066	AA	0.014889 0.007233 0.015122 0.003812 0.027360 0.146976 0.000010 0.784598
AD_523	AA	0.004838 0.012439 0.000010 0.020879 0.036730 0.158271 0.000010 0.766823
AD_512	AA	0.014236 0.030111 0.000010 0.020242 0.017751 0.483549 0.031541 0.402560
NA19017	Luhya	0.001063 0.007439 0.070426 0.000010 0.041652 0.000025 0.004489 0.874897
NA19023	Luhya	0.000010 0.000010 0.062139 0.005991 0.048153 0.011826 0.003219 0.868652
NA19026	Luhya	0.000578 0.005723 0.076839 0.000010 0.022716 0.032109 0.000010 0.862016
NA19044	Luhya	0.002234 0.000010 0.074275 0.000283 0.044722 0.023365 0.000010 0.855101
NA19019	Luhya	0.013292 0.000010 0.075263 0.006056 0.047367 0.008672 0.000010 0.849330
NA19024	Luhya	0.000010 0.000010 0.093714 0.004432 0.046109 0.014838 0.000010 0.840876
NA19020	Luhya	0.000010 0.001253 0.086927 0.000010 0.045962 0.033506 0.000010 0.832323
NA19027	Luhya	0.004094 0.017976 0.122224 0.000010 0.030136 0.024111 0.000010 0.801440
Ayodo_458C	Luo	0.000010 0.012578 0.071912 0.000010 0.036202 0.002912 0.000010 0.876366
Ayodo_412C	Luo	0.009203 0.008561 0.071001 0.000785 0.041933 0.000998 0.000010 0.867509
Ayodo_502C	Luo	0.002884 0.003605 0.104617 0.000010 0.018475 0.011870 0.004345 0.854194
Ayodo_430C	Luo	0.000010 0.000010 0.105104 0.000010 0.031808 0.000010 0.012645 0.850403
Ayodo_438C	Luo	0.000010 0.020802 0.091713 0.000010 0.032330 0.006071 0.000010 0.849055
Ayodo_423C	Luo	0.000010 0.000010 0.066830 0.003646 0.063128 0.018522 0.000010 0.847845
Ayodo_460C	Luo	0.000010 0.009578 0.085438 0.006464 0.045619 0.003629 0.001592 0.847669
Ayodo_604C	Luo	0.000010 0.010915 0.079300 0.000010 0.048758 0.016822 0.000010 0.844174
HGDP01414	BantuKenya	0.003387 0.005327 0.056207 0.007883 0.026703 0.002449 0.000010 0.898034
HGDP01405	BantuKenya	0.000010 0.005888 0.047203 0.000010 0.044203 0.006273 0.006269 0.890145
HGDP01419	BantuKenya	0.003028 0.009082 0.068037 0.000010 0.035290 0.007768 0.000010 0.876776
HGDP01408	BantuKenya	0.002606 0.005467 0.073764 0.008579 0.027454 0.006680 0.000010 0.875440
HGDP01417	BantuKenya	0.002211 0.000010 0.076615 0.001410 0.024472 0.020849 0.000010 0.874423
HGDP01418	BantuKenya	0.003304 0.005935 0.079711 0.000694 0.033201 0.012097 0.009834 0.855224
DNK06	Dinka	0.000010 0.035355 0.189685 0.003201 0.000010 0.000010 0.001130 0.770599
DNK03	Dinka	0.004316 0.007098 0.206514 0.000010 0.001241 0.000010 0.012210 0.768600
DNK11	Dinka	0.000010 0.018427 0.190790 0.001180 0.013105 0.008172 0.000010 0.768306
DNK09	Dinka	0.000010 0.031377 0.201887 0.004409 0.000010 0.001181 0.003574 0.757552
DNK05	Dinka	0.007682 0.010636 0.210882 0.002319 0.006407 0.000010 0.008489 0.753575
DNK07	Dinka	0.010887 0.019121 0.215978 0.000010 0.001595 0.000010 0.000010 0.752389
DNK15	Dinka	0.000123 0.018362 0.204817 0.004417 0.015624 0.001110 0.003637 0.751910
HG02464	Gambian	0.000010 0.000010 0.017324 0.000010 0.010664 0.001247 0.000010 0.970725
HG02570	Gambian	0.000010 0.004939 0.017142 0.000010 0.022608 0.003378 0.000010 0.951903
HG02465	Gambian	0.004958 0.000010 0.028382 0.000010 0.021025 0.000010 0.000010 0.945596
HG02571	Gambian	0.000010 0.011869 0.029447 0.000010 0.012826 0.000010 0.003439 0.942389
HG02573	Gambian	0.003335 0.004803 0.020378 0.000010 0.018694 0.020969 0.000010 0.931801
HG02574	Gambian	0.002121 0.000010 0.012746 0.000010 0.007839 0.049460 0.000010 0.927804
HGDP01031	BantuSA	0.000010 0.003665 0.015847 0.004849 0.057014 0.000010 0.000010 0.918595
HGDP01028	BantuSA	0.001805 0.000010 0.007893 0.000010 0.074581 0.000010 0.004053 0.911638
HGDP01035	BantuSA	0.000010 0.000010 0.020988 0.000010 0.096723 0.000010 0.000010 0.882239
HGDP01033	BantuSA	0.000010 0.004088 0.025169 0.000010 0.166409 0.000010 0.001767 0.802537
HGDP01034	BantuSA	0.000010 0.001764 0.028008 0.001000 0.217636 0.000010 0.000010 0.751562
HGDP00994	BantuSA	0.000010 0.000010 0.034042 0.000010 0.215643 0.000010 0.000010 0.750266
HGDP00993	BantuSA	0.000010 0.000010 0.022485 0.003732 0.242160 0.000010 0.000010 0.731583
HGDP01030	BantuSA	0.000584 0.000010 0.000832 0.000010 0.333972 0.000010 0.000010 0.664572
HG03078	Mende	0.000010 0.000010 0.003842 0.003174 0.034934 0.000010 0.000010 0.958010
HG03097	Mende	0.000010 0.000010 0.006953 0.000010 0.038736 0.000010 0.000010 0.954261
HG03069	Mende	0.000010 0.001705 0.000010 0.000010 0.046283 0.000010 0.000010 0.951962
HG03085	Mende	0.000010 0.000010 0.000010 0.000010 0.049159 0.000010 0.000010 0.950781
HG03052	Mende	0.002671 0.000010 0.000010 0.000010 0.051446 0.000010 0.000010 0.945833
HG03057	Mende	0.002285 0.000010 0.011445 0.000010 0.040827 0.000010 0.000010 0.945403
HG03076	Mende	0.000010 0.006164 0.007726 0.000010 0.043494 0.000010 0.000010 0.942576
HG03072	Mende	0.000010 0.011442 0.008722 0.000012 0.060636 0.000010 0.000010 0.919158
HGDP00907	Mandenka	0.000010 0.004717 0.005626 0.005804 0.000010 0.002953 0.000010 0.980870
HGDP00912	Mandenka	0.000010 0.007693 0.000010 0.000010 0.003562 0.008179 0.000010 0.980525
HGDP00904	Mandenka	0.000010 0.000010 0.003509 0.000010 0.008062 0.010200 0.002512 0.975687
HGDP01284	Mandenka	0.000010 0.012335 0.000010 0.000010 0.015178 0.000010 0.000010 0.972437
HGDP00908	Mandenka	0.000729 0.000807 0.005260 0.000010 0.005173 0.008957 0.007055 0.972009
HGDP01199	Mandenka	0.000010 0.000010 0.024282 0.000010 0.000010 0.001629 0.007651 0.966398
HGDP00913	Mandenka	0.000010 0.000010 0.013496 0.000010 0.008185 0.012294 0.000010 0.965985
HGDP01286	Mandenka	0.000010 0.008940 0.010856 0.000010 0.000010 0.015955 0.000010 0.964208
HGDP01202	Mandenka	0.000010 0.006218 0.018825 0.000010 0.010824 0.000010 0.001095 0.963009
HGDP00917	Mandenka	0.000010 0.000010 0.013286 0.011152 0.000010 0.012558 0.000249 0.962724
HGDP01283	Mandenka	0.000010 0.002108 0.012503 0.000010 0.004637 0.020012 0.002215 0.958504
HGDP00910	Mandenka	0.000079 0.007129 0.004853 0.001856 0.015056 0.015200 0.000010 0.955818
HGDP00909	Mandenka	0.000010 0.000010 0.017648 0.000010 0.022964 0.008535 0.000010 0.950813
HGDP01200	Mandenka	0.001781 0.000010 0.025415 0.000147 0.010561 0.011784 0.002598 0.947704
HGDP00906	Mandenka	0.000010 0.010397 0.019902 0.005706 0.009659 0.007100 0.000010 0.947216
HGDP00915	Mandenka	0.005295 0.000010 0.018119 0.004938 0.008700 0.020230 0.000010 0.942698
HGDP00905	Mandenka	0.005893 0.010630 0.008881 0.000010 0.022644 0.011718 0.000010 0.940214
NAM088	Wambo	0.000010 0.000010 0.008942 0.000010 0.053695 0.000010 0.000010 0.937313
NAM331	Wambo	0.000010 0.000010 0.004539 0.000010 0.059295 0.000010 0.000010 0.936116
NAM434	Wambo	0.000010 0.000010 0.014734 0.000010 0.049426 0.000010 0.000010 0.935790
NAM453	Wambo	0.000010 0.000010 0.010189 0.000010 0.059297 0.000010 0.000010 0.930465
NAM436	Wambo	0.000010 0.000010 0.009608 0.000010 0.063098 0.000010 0.000010 0.927244
HG02923	Esan	0.000010 0.000307 0.000010 0.003919 0.000010 0.000010 0.000010 0.995724
HG03099	Esan	0.000010 0.000010 0.000010 0.000010 0.008592 0.000010 0.000010 0.991348
HG02943	Esan	0.000010 0.000010 0.000010 0.000010 0.011060 0.000010 0.000010 0.988880
HG03108	Esan	0.000010 0.000010 0.011633 0.000010 0.000437 0.000010 0.000010 0.987880
HG03100	Esan	0.000010 0.000010 0.000010 0.000010 0.012980 0.000010 0.000010 0.986960
HG03109	Esan	0.000010 0.000010 0.000010 0.000010 0.014324 0.000010 0.000010 0.985615
HG02974	Esan	0.001260 0.000010 0.002008 0.000010 0.013455 0.000010 0.000010 0.983237
HG02922	Esan	0.000010 0.000010 0.000010 0.000010 0.020336 0.000010 0.000010 0.979604
HGDP00920	Yoruba	0.000010 0.000010 0.000010 0.000010 0.000010 0.000010 0.000010 0.999930
HGDP00928	Yoruba	0.000010 0.000010 0.000010 0.000010 0.000010 0.000010 0.000010 0.999930
HGDP00937	Yoruba	0.000010 0.000010 0.000010 0.000010 0.000010 0.000010 0.000010 0.999930
NA19127	Yoruba	0.000010 0.000010 0.000010 0.000010 0.000010 0.000010 0.000010 0.999930
NA18504	Yoruba	0.000010 0.000010 0.000010 0.000010 0.000050 0.000010 0.000010 0.999890
NA19119	Yoruba	0.000010 0.000010 0.000010 0.000511 0.000010 0.000010 0.000010 0.999429
HGDP00940	Yoruba	0.000010 0.000010 0.000010 0.000010 0.000688 0.000010 0.000010 0.999252
HGDP00943	Yoruba	0.000010 0.000010 0.000809 0.000010 0.000010 0.000010 0.000010 0.999131
NA18862	Yoruba	0.000010 0.001510 0.000010 0.000010 0.000010 0.000010 0.000010 0.998430
HGDP00934	Yoruba	0.000010 0.000010 0.000010 0.000010 0.001592 0.000010 0.000010 0.998348
NA19222	Yoruba	0.000010 0.000010 0.000010 0.000010 0.001605 0.000010 0.000010 0.998335
NA18856	Yoruba	0.001747 0.000010 0.000010 0.000010 0.000014 0.000010 0.000010 0.998188
NA18505	Yoruba	0.000010 0.000010 0.001841 0.000010 0.000010 0.000010 0.000010 0.998099
NA18852	Yoruba	0.000010 0.000010 0.000010 0.001991 0.000010 0.000010 0.000010 0.997949
NA19203	Yoruba	0.000010 0.000010 0.000010 0.000010 0.002399 0.000010 0.000010 0.997541
HGDP00936	Yoruba	0.000010 0.000010 0.000010 0.000010 0.002405 0.000010 0.000010 0.997535
NA19098	Yoruba	0.000010 0.000010 0.002567 0.000010 0.000010 0.000010 0.000010 0.997373
NA19201	Yoruba	0.000010 0.000010 0.002365 0.000010 0.000297 0.000010 0.000010 0.997288
NA19239	Yoruba	0.000010 0.000010 0.000010 0.000010 0.003394 0.000010 0.000010 0.996546
HGDP00935	Yoruba	0.000010 0.000010 0.000010 0.000010 0.003698 0.000010 0.000010 0.996242
NA18871	Yoruba	0.000010 0.000010 0.000010 0.000010 0.003729 0.000010 0.000010 0.996211
HGDP00933	Yoruba	0.000010 0.000010 0.004218 0.000010 0.000010 0.000010 0.000010 0.995722
HGDP00932	Yoruba	0.000010 0.000010 0.000010 0.000010 0.004296 0.000010 0.000010 0.995644
NA19204	Yoruba	0.000010 0.000010 0.000010 0.000010 0.001614 0.002842 0.000010 0.995495
NA19130	Yoruba	0.001556 0.000010 0.003258 0.000010 0.000010 0.000010 0.000010 0.995137
NA18870	Yoruba	0.000010 0.000010 0.000010 0.000010 0.005133 0.000010 0.000010 0.994807
NA19209	Yoruba	0.000010 0.000010 0.000010 0.000010 0.005251 0.000206 0.000010 0.994492
HGDP00941	Yoruba	0.000010 0.000010 0.000010 0.000042 0.005511 0.000010 0.000010 0.994397
HGDP00939	Yoruba	0.000010 0.003189 0.000010 0.002524 0.000010 0.000010 0.000010 0.994237
NA18507	Yoruba	0.000010 0.000010 0.000010 0.000184 0.006359 0.000010 0.000010 0.993407
NA19143	Yoruba	0.000010 0.000015 0.006637 0.000010 0.000010 0.000010 0.000010 0.993298
NA19206	Yoruba	0.000010 0.000010 0.000010 0.000010 0.006705 0.000010 0.000010 0.993235
NA19099	Yoruba	0.000010 0.000010 0.000010 0.000010 0.007344 0.000010 0.000010 0.992596
NA18516	Yoruba	0.000010 0.000010 0.000010 0.000010 0.007400 0.000010 0.000010 0.992540
NA19102	Yoruba	0.000010 0.002943 0.000010 0.000010 0.002805 0.000010 0.001866 0.992346
NA18508	Yoruba	0.000010 0.000010 0.000010 0.000010 0.007664 0.000010 0.000010 0.992276
HGDP00924	Yoruba	0.003258 0.000010 0.000010 0.000010 0.005986 0.000261 0.000313 0.990153
NA19193	Yoruba	0.000010 0.000010 0.005610 0.000010 0.004302 0.000010 0.000010 0.990038
HGDP00942	Yoruba	0.000010 0.000010 0.010113 0.000010 0.000010 0.000010 0.000010 0.989827
NA19101	Yoruba	0.000010 0.000010 0.000010 0.000010 0.011705 0.000010 0.000010 0.988235
HGDP00944	Yoruba	0.000010 0.000077 0.007292 0.000010 0.002748 0.002299 0.000010 0.987554
HGDP00926	Yoruba	0.000010 0.000010 0.000010 0.000010 0.012429 0.000010 0.000010 0.987511
NA18858	Yoruba	0.000010 0.000010 0.008167 0.000010 0.004451 0.000010 0.000010 0.987332
NA19160	Yoruba	0.000010 0.000010 0.008869 0.000010 0.004011 0.000010 0.000010 0.987070
NA19207	Yoruba	0.000847 0.000010 0.008481 0.000010 0.003680 0.000010 0.000010 0.986951
NA19223	Yoruba	0.000010 0.000010 0.000010 0.000010 0.014319 0.000010 0.000010 0.985621
HGDP00925	Yoruba	0.000010 0.000010 0.000010 0.003755 0.010760 0.000010 0.000010 0.985434
NA19093	Yoruba	0.000010 0.000010 0.004130 0.000010 0.010973 0.000010 0.000010 0.984847
HGDP00929	Yoruba	0.000010 0.000010 0.000010 0.000010 0.015329 0.000010 0.000010 0.984611
NA19137	Yoruba	0.000191 0.000010 0.007709 0.000010 0.007650 0.000010 0.000010 0.984410
NA18517	Yoruba	0.000010 0.000010 0.003570 0.000010 0.012044 0.000010 0.000010 0.984336
NA18861	Yoruba	0.000010 0.000010 0.003784 0.000010 0.012711 0.000010 0.000010 0.983454
NA18522	Yoruba	0.000010 0.000010 0.008540 0.000010 0.008575 0.000010 0.000010 0.982835
NA19128	Yoruba	0.002938 0.001813 0.012681 0.000010 0.000010 0.000010 0.000010 0.982528
NA19238	Yoruba	0.000010 0.000010 0.006184 0.005646 0.005621 0.000010 0.000010 0.982509
NA18853	Yoruba	0.000010 0.000010 0.006458 0.000010 0.011235 0.000010 0.000010 0.982257
HGDP00938	Yoruba	0.000010 0.000010 0.000010 0.000045 0.017714 0.000010 0.000010 0.982191
NA19138	Yoruba	0.000010 0.000010 0.000010 0.000010 0.017911 0.000010 0.000010 0.982029
NA18501	Yoruba	0.000010 0.000010 0.002253 0.000010 0.015732 0.000010 0.000010 0.981966
HGDP00930	Yoruba	0.000010 0.000010 0.008614 0.000010 0.006616 0.000010 0.004639 0.980091
NA19210	Yoruba	0.000010 0.000010 0.000010 0.000010 0.020479 0.000010 0.000010 0.979461
NA19116	Yoruba	0.001241 0.000010 0.000010 0.002668 0.016769 0.000010 0.000010 0.979282
NA19131	Yoruba	0.000010 0.000010 0.001008 0.000745 0.019249 0.000010 0.000010 0.978958
NA19141	Yoruba	0.008944 0.000010 0.009596 0.000010 0.004562 0.000010 0.000010 0.976859
NA19144	Yoruba	0.001693 0.000010 0.000010 0.000010 0.021404 0.000010 0.000010 0.976853
NA18855	Yoruba	0.003117 0.000010 0.000012 0.003455 0.014561 0.002100 0.000010 0.976734
NA19171	Yoruba	0.000010 0.000010 0.021172 0.000010 0.006115 0.000010 0.000010 0.972664
NA18859	Yoruba	0.003378 0.000010 0.000010 0.000010 0.024054 0.000010 0.000010 0.972518
HGDP00931	Yoruba	0.000010 0.000010 0.017257 0.002452 0.008435 0.000010 0.000010 0.971815
NA19159	Yoruba	0.002395 0.000010 0.000927 0.000010 0.030118 0.000010 0.000010 0.966520
NAM172	Khwe	0.001852 0.008475 0.070069 0.003166 0.353364 0.015771 0.001604 0.545700
NAM167	Khwe	0.000010 0.000010 0.052453 0.000010 0.388634 0.029654 0.000010 0.529219
BOT6.160	Khwe	0.000010 0.000014 0.078435 0.000010 0.376202 0.019375 0.000010 0.525943
BOT6.158	Khwe	0.003794 0.001139 0.042625 0.000010 0.411134 0.021163 0.000010 0.520125
NAM175	Khwe	0.000014 0.008355 0.092864 0.000010 0.376544 0.003559 0.000010 0.518644
NAM376	Khwe	0.006720 0.002152 0.069085 0.000010 0.393171 0.023343 0.000010 0.505509
NAM179	Khwe	0.003923 0.000010 0.077404 0.000010 0.386755 0.026543 0.000010 0.505344
BOT6.154	Khwe	0.000010 0.000511 0.060792 0.000010 0.418616 0.026513 0.000734 0.492814
NAM321	Nama	0.001033 0.000010 0.084411 0.000010 0.837676 0.067904 0.000010 0.008946
NAM325	Nama	0.002160 0.000010 0.104349 0.000010 0.798466 0.058082 0.000010 0.036913
NAM317	Nama	0.001552 0.000010 0.118816 0.000010 0.779491 0.066577 0.000010 0.033534
NAM445	Nama	0.005637 0.000010 0.114408 0.002528 0.739199 0.103874 0.010734 0.023610
NAM326	Nama	0.000215 0.008441 0.093457 0.000010 0.733331 0.056008 0.000010 0.108529
NAM299	Nama	0.000010 0.000010 0.107927 0.003257 0.711593 0.123570 0.005128 0.048506
NAM429	Nama	0.006400 0.000010 0.100003 0.000453 0.679743 0.072701 0.000010 0.140680
NAM442	Nama	0.000010 0.011507 0.101378 0.000010 0.670864 0.169905 0.012935 0.033392
NAM444	Nama	0.008865 0.013891 0.096396 0.000548 0.670570 0.038320 0.000010 0.171399
NAM304	Nama	0.009652 0.005476 0.058732 0.007453 0.634375 0.225844 0.000010 0.058458
NAM412	Nama	0.001303 0.000010 0.087361 0.000019 0.600289 0.062851 0.000010 0.248157
NAM415	Nama	0.000010 0.004659 0.064481 0.000010 0.575828 0.134053 0.000010 0.220950
NAM308	Nama	0.016030 0.013856 0.092657 0.013729 0.561835 0.182805 0.009478 0.109609
NAM448	Nama	0.000259 0.033025 0.070534 0.000439 0.518012 0.232021 0.009316 0.136394
NAM427	Nama	0.005436 0.000091 0.067579 0.004231 0.471073 0.051165 0.002916 0.397508
NAM424	Nama	0.006038 0.026269 0.060642 0.007470 0.409989 0.049040 0.000010 0.440541
BOT6.208	Shua	0.000010 0.001504 0.032485 0.000010 0.275561 0.013853 0.000010 0.676567
BOT6.199	Shua	0.000010 0.000010 0.066751 0.005327 0.345200 0.034375 0.000010 0.548316
BOT6.196	Shua	0.004293 0.000010 0.077918 0.000010 0.350312 0.033866 0.000010 0.533581
BOT6.233	Shua	0.000010 0.000010 0.062280 0.000010 0.414125 0.018831 0.000010 0.504724
BOT6.222	Shua	0.000010 0.008322 0.083836 0.000010 0.387271 0.024195 0.002566 0.493791
BOT6.245	Shua	0.000010 0.000010 0.075462 0.000010 0.407141 0.032271 0.000010 0.485086
BOT6.235	Shua	0.000010 0.000010 0.068351 0.000010 0.408738 0.039096 0.000010 0.483775
BOT6.200	Shua	0.000010 0.004130 0.067806 0.002786 0.424183 0.026665 0.006560 0.467860
BOT6.252	Shua	0.004004 0.000010 0.081894 0.000010 0.459031 0.043543 0.000010 0.411497
BOT6.417	Tswana	0.000010 0.000010 0.034138 0.000010 0.145826 0.000010 0.000010 0.819986
BOT6.413	Tswana	0.000010 0.000010 0.023363 0.000010 0.199484 0.000010 0.000010 0.777103
BOT6.460	Tswana	0.000010 0.000010 0.015342 0.000010 0.260040 0.000010 0.000010 0.724568
BOT6.476	Tswana	0.000010 0.000010 0.031954 0.000010 0.300935 0.000010 0.000010 0.667061
BOT6.475	Tswana	0.000010 0.000010 0.026727 0.000010 0.343744 0.000010 0.000010 0.629478
NAM370	Haiom	0.000010 0.000010 0.074066 0.000010 0.660538 0.024023 0.000010 0.241332
NAM371	Haiom	0.000010 0.021583 0.080207 0.000010 0.589360 0.016564 0.000010 0.292256
NAM369	Haiom	0.000848 0.003778 0.090796 0.000010 0.563892 0.037938 0.000010 0.302729
NAM211	Haiom	0.011607 0.007552 0.098510 0.000010 0.507795 0.034816 0.000010 0.339701
NAM217	Haiom	0.000010 0.001761 0.069337 0.000010 0.481920 0.039754 0.005437 0.401770
NAM232	Haiom	0.000010 0.000010 0.083868 0.000010 0.481154 0.037793 0.000010 0.397144
NAM209	Haiom	0.001062 0.000010 0.104040 0.005078 0.461761 0.059310 0.000010 0.368729
NAM296	Himba	0.000010 0.000010 0.022453 0.000010 0.060541 0.000010 0.000010 0.916957
NAM401	Himba	0.000010 0.000010 0.007173 0.000010 0.080333 0.000010 0.000010 0.912444
NAM294	Himba	0.000010 0.000010 0.016738 0.000010 0.080476 0.000010 0.000010 0.902736
NAM295	Himba	0.000010 0.000010 0.014602 0.000010 0.091210 0.000010 0.000010 0.894138
NAM246	Damara	0.000010 0.000010 0.000281 0.000010 0.054817 0.000010 0.000010 0.944852
NAM267	Damara	0.000010 0.000010 0.001244 0.000010 0.054290 0.000010 0.000010 0.944416
NAM262	Damara	0.000010 0.000010 0.000010 0.000010 0.058749 0.000010 0.000010 0.941191
NAM410	Damara	0.001431 0.000010 0.000010 0.000010 0.060753 0.000010 0.000010 0.937765
NAM268	Damara	0.000010 0.000010 0.005391 0.000010 0.061113 0.000010 0.000010 0.933447
NAM452	Damara	0.000010 0.000019 0.012018 0.000010 0.070482 0.000010 0.000010 0.917441
NAM259	Damara	0.001691 0.000010 0.021370 0.000010 0.059526 0.000010 0.000010 0.917373
NAM245	Damara	0.000010 0.000010 0.002784 0.000010 0.083593 0.000010 0.000010 0.913573
NAM399	Damara	0.010682 0.000010 0.012438 0.000010 0.074874 0.000010 0.000010 0.901966
NAM284	Damara	0.000010 0.000010 0.013593 0.000010 0.096047 0.003338 0.000010 0.886982
NAM277	Damara	0.000010 0.000010 0.014129 0.000010 0.156086 0.002784 0.000010 0.826961
NAM395	Damara	0.000471 0.005288 0.017491 0.000010 0.150013 0.013014 0.000010 0.813702
KGA003	Kgalagadi	0.000010 0.000010 0.009710 0.000010 0.318312 0.000010 0.000010 0.671928
KGA017	Kgalagadi	0.000010 0.000010 0.024785 0.000010 0.305395 0.000010 0.000010 0.669770
KGA004	Kgalagadi	0.000010 0.000010 0.014917 0.000010 0.372252 0.000010 0.000010 0.612781
BOT6.566	Kgalagadi	0.000010 0.000010 0.012042 0.000010 0.401443 0.000010 0.000010 0.586465
BOT6.004	Kgalagadi	0.000010 0.000010 0.004878 0.000010 0.516155 0.000010 0.000010 0.478917
Bar13	Hadza	0.000010 0.000010 0.999930 0.000010 0.000010 0.000010 0.000010 0.000010
Hadza005	Hadza	0.000010 0.000010 0.999930 0.000010 0.000010 0.000010 0.000010 0.000010
Hadza016	Hadza	0.000010 0.000010 0.999930 0.000010 0.000010 0.000010 0.000010 0.000010
Hadza020	Hadza	0.000010 0.000010 0.999930 0.000010 0.000010 0.000010 0.000010 0.000010
Bar10	Hadza	0.000010 0.000010 0.999929 0.000010 0.000011 0.000010 0.000010 0.000010
End08	Hadza	0.000010 0.000010 0.999929 0.000010 0.000011 0.000010 0.000010 0.000010
Hadza019	Hadza	0.000010 0.000010 0.968396 0.000010 0.031544 0.000010 0.000010 0.000010
Bar08	Hadza	0.000010 0.000010 0.937422 0.000010 0.062518 0.000010 0.000010 0.000010
Hadza004	Hadza	0.000010 0.000010 0.864615 0.000010 0.065065 0.000010 0.000010 0.070271
Bar04	Hadza	0.000010 0.000010 0.863051 0.000010 0.062354 0.000010 0.000010 0.074545
Hadza018	Hadza	0.000010 0.000010 0.862362 0.000010 0.030170 0.000010 0.000010 0.107418
Hadza001	Hadza	0.000010 0.000010 0.847941 0.000010 0.057521 0.000010 0.000010 0.094488
Hadza003	Hadza	0.000010 0.000010 0.826733 0.000010 0.050487 0.000010 0.000010 0.122730
Hadza017	Hadza	0.000010 0.000010 0.791636 0.000010 0.076104 0.000010 0.000010 0.132210
Hadza007	Hadza	0.000010 0.000010 0.755185 0.000010 0.063300 0.000010 0.000010 0.181466
Hadza012	Hadza	0.000010 0.000010 0.742425 0.000010 0.057042 0.000010 0.000010 0.200483
Hadza010	Hadza	0.000010 0.000010 0.694581 0.000010 0.049689 0.000010 0.000010 0.255681
Hadza008	Hadza	0.000010 0.000010 0.684295 0.000010 0.065201 0.000010 0.000010 0.250454
Hadza011	Hadza	0.000282 0.000010 0.660798 0.000010 0.071407 0.005113 0.000010 0.262370
Hadza013	Hadza	0.000010 0.000010 0.649976 0.009834 0.058485 0.004580 0.000010 0.277094
Hadza002	Hadza	0.000010 0.000010 0.641129 0.000010 0.038282 0.000010 0.000010 0.320539
Hadza006	Hadza	0.000010 0.008450 0.627317 0.000010 0.044046 0.003344 0.000010 0.316813
SA016	Khomani	0.000010 0.000010 0.031036 0.000010 0.926198 0.000010 0.000010 0.042716
SA047	Khomani	0.000010 0.000010 0.024444 0.000010 0.863210 0.000010 0.000010 0.112296
SA010	Khomani	0.000010 0.000010 0.041871 0.000010 0.845570 0.000010 0.000010 0.112509
SA063	Khomani	0.000010 0.000010 0.089917 0.000010 0.799990 0.037113 0.005570 0.067380
SA018	Khomani	0.000010 0.000010 0.061235 0.000010 0.784597 0.000010 0.000010 0.154119
SA1025	Khomani	0.002716 0.010552 0.040875 0.000010 0.735236 0.027576 0.000010 0.183025
SA078	Khomani	0.000010 0.009192 0.042974 0.018065 0.664309 0.246071 0.019369 0.000010
SA073	Khomani	0.009564 0.000010 0.051766 0.000010 0.662821 0.069369 0.024035 0.182424
SA064	Khomani	0.004654 0.031314 0.069809 0.021221 0.634447 0.115298 0.011258 0.111997
SA1004	Khomani	0.006392 0.004644 0.080144 0.001483 0.596886 0.066332 0.001509 0.242610
SA083	Khomani	0.007593 0.098711 0.074802 0.015692 0.587309 0.200585 0.002655 0.012653
BOT5.034	Gana	0.000230 0.001947 0.057921 0.000010 0.792561 0.004399 0.000010 0.142923
BOT6.259	Gana	0.000010 0.000010 0.055328 0.000010 0.729794 0.024824 0.002307 0.187717
BOT6.258	Gana	0.000010 0.005467 0.072681 0.000010 0.655740 0.011395 0.000010 0.254687
BOT5.018	Gana	0.000010 0.000010 0.041946 0.000010 0.603410 0.000010 0.000010 0.354593
BOT6.264	Gana	0.000010 0.004871 0.054156 0.000010 0.601726 0.003971 0.000010 0.335245
BOT5.026	Gana	0.000010 0.000010 0.033739 0.000010 0.570542 0.000909 0.000010 0.394770
BOT5.036	Gana	0.000010 0.000010 0.017355 0.000010 0.530377 0.000010 0.000010 0.452218
BOT5.033	Gana	0.000010 0.005610 0.031172 0.000010 0.527942 0.000018 0.000010 0.435227
BOT6.292	Tshwa	0.000010 0.000010 0.067989 0.000010 0.696726 0.009338 0.001318 0.224599
BOT6.279	Tshwa	0.000165 0.007371 0.064150 0.000010 0.571203 0.000010 0.000010 0.357081
BOT6.278	Tshwa	0.000010 0.000832 0.051644 0.001688 0.565208 0.004709 0.000010 0.375900
BOT6.274	Tshwa	0.000010 0.005843 0.066215 0.000010 0.556139 0.013821 0.000010 0.357952
BOT6.280	Tshwa	0.000010 0.000010 0.062515 0.006135 0.539012 0.000015 0.000010 0.392293
HGDP00472	Biaka	0.004523 0.000010 0.012458 0.000010 0.284208 0.000010 0.000010 0.698772
HGDP00470	Biaka	0.000010 0.000010 0.010331 0.000010 0.301607 0.000010 0.000010 0.688012
HGDP00475	Biaka	0.000010 0.000010 0.014576 0.000010 0.300669 0.000010 0.000010 0.684705
HGDP01090	Biaka	0.000010 0.000010 0.006489 0.000010 0.309614 0.000010 0.000010 0.683847
HGDP00457	Biaka	0.000010 0.000010 0.022333 0.000010 0.296353 0.000010 0.000010 0.681264
HGDP00986	Biaka	0.000010 0.000010 0.024647 0.000010 0.294283 0.000010 0.000010 0.681020
HGDP00466	Biaka	0.000010 0.000010 0.020794 0.000010 0.303777 0.000010 0.000010 0.675379
HGDP00460	Biaka	0.000010 0.000010 0.029461 0.000010 0.297033 0.000010 0.000010 0.673456
HGDP00459	Biaka	0.000010 0.000010 0.022461 0.000010 0.304403 0.000010 0.000010 0.673086
HGDP00454	Biaka	0.000010 0.000010 0.030126 0.000010 0.301026 0.000010 0.000010 0.668797
HGDP00465	Biaka	0.000010 0.000010 0.021502 0.000010 0.310800 0.000010 0.000010 0.667649
HGDP00464	Biaka	0.000010 0.000010 0.024828 0.000010 0.309328 0.000010 0.000010 0.665794
HGDP01086	Biaka	0.000010 0.000010 0.013348 0.004507 0.316739 0.000010 0.000010 0.665366
HGDP00469	Biaka	0.000010 0.000010 0.022763 0.000010 0.315537 0.000010 0.000010 0.661650
HGDP00455	Biaka	0.000010 0.000010 0.019531 0.000010 0.320414 0.000010 0.000010 0.660005
HGDP01094	Biaka	0.000010 0.000010 0.027310 0.000010 0.312841 0.000010 0.000010 0.659800
HGDP00985	Biaka	0.000010 0.000010 0.029166 0.000010 0.311848 0.000010 0.000010 0.658936
HGDP00461	Biaka	0.000010 0.000010 0.015774 0.000010 0.330168 0.000010 0.000010 0.654008
HGDP00458	Biaka	0.000010 0.000010 0.019370 0.000010 0.328338 0.000010 0.000010 0.652242
HGDP00473	Biaka	0.002629 0.000010 0.031742 0.000010 0.315239 0.000010 0.000010 0.650350
NAM119	Xuun	0.004877 0.000010 0.049106 0.000010 0.814750 0.006862 0.000010 0.124375
NAM115	Xuun	0.000010 0.000010 0.063317 0.000010 0.811015 0.009961 0.000010 0.115667
NAM129	Xuun	0.000010 0.001834 0.081661 0.000010 0.808956 0.000010 0.007171 0.100348
NAM188	Xuun	0.000010 0.000010 0.054487 0.000010 0.784047 0.000013 0.000010 0.161413
NAM191	Xuun	0.005148 0.000010 0.032792 0.000010 0.774205 0.000010 0.000010 0.187815
NAM361	Xuun	0.000010 0.000010 0.066314 0.000010 0.771735 0.000010 0.008094 0.153817
NAM107	Xuun	0.001102 0.000012 0.053579 0.000010 0.764612 0.008475 0.001217 0.170994
NAM201	Xuun	0.000010 0.000010 0.069639 0.000010 0.758207 0.008610 0.000010 0.163504
NAM109	Xuun	0.002238 0.003243 0.075671 0.000010 0.718340 0.005762 0.000010 0.194725
