Egypt9	Egyptian	0.105213 0.000026 0.000010 0.000010 0.006202 0.735897 0.000010 0.152632
Egypt12	Egyptian	0.058923 0.000010 0.000010 0.000010 0.000010 0.735193 0.017348 0.188496
Egypt17AQ176	Egyptian	0.072664 0.004416 0.000010 0.000010 0.000010 0.732335 0.027299 0.163255
Egypt3AQ172	Egyptian	0.091624 0.013065 0.000010 0.000010 0.000010 0.729750 0.007494 0.158037
Egypt5AQ172	Egyptian	0.091494 0.005396 0.000010 0.000010 0.000010 0.727335 0.024043 0.151703
Egypt9AQ172	Egyptian	0.078757 0.013677 0.000010 0.000010 0.000010 0.727259 0.000010 0.180267
Egypt12AQ172	Egyptian	0.089087 0.008578 0.000010 0.000010 0.000010 0.725262 0.017094 0.159949
Egypt15AQ172	Egyptian	0.082447 0.007428 0.000128 0.000010 0.000010 0.723628 0.009437 0.176913
Egypt7	Egyptian	0.099750 0.000010 0.000010 0.000010 0.000010 0.721012 0.014504 0.164695
Egypt7AQ172	Egyptian	0.108675 0.000010 0.000010 0.000010 0.000010 0.720656 0.009543 0.161086
Egypt10	Egyptian	0.089510 0.000010 0.000010 0.000010 0.007341 0.717349 0.007631 0.178139
Egypt3	Egyptian	0.068647 0.000010 0.000010 0.000010 0.000010 0.716741 0.030878 0.183694
Egypt1AQ172	Egyptian	0.101824 0.000010 0.000010 0.000010 0.000010 0.713579 0.013601 0.170956
Egypt11	Egyptian	0.076549 0.000010 0.000010 0.009759 0.000010 0.706234 0.002624 0.204803
Egypt8AT113	Egyptian	0.094942 0.000010 0.000010 0.000010 0.008639 0.705878 0.003929 0.186583
Egypt22TD21	Egyptian	0.123114 0.009254 0.000010 0.000010 0.000010 0.697390 0.004964 0.165248
Egypt9AQ177	Egyptian	0.088410 0.014264 0.001411 0.000010 0.000010 0.692811 0.018094 0.184990
Egypt1	Egyptian	0.090960 0.010025 0.000010 0.000010 0.000010 0.675978 0.011066 0.211941
MoroccanJew5126	Moroccan_Jew	0.072269 0.000467 0.007268 0.000010 0.004353 0.853182 0.012334 0.050117
MoroccanJew4692	Moroccan_Jew	0.077916 0.000010 0.000010 0.000010 0.000010 0.850501 0.021551 0.049992
MoroccanJew4789	Moroccan_Jew	0.084712 0.000010 0.000010 0.000010 0.005684 0.836974 0.027620 0.044980
MoroccanJew5168	Moroccan_Jew	0.076069 0.000010 0.008689 0.000010 0.000010 0.830993 0.024680 0.059540
MoroccanJew4683	Moroccan_Jew	0.123865 0.000032 0.000580 0.000010 0.000010 0.830203 0.000010 0.045291
MoroccanJew4634	Moroccan_Jew	0.114616 0.005326 0.000456 0.000010 0.006068 0.819408 0.002240 0.051877
Tunisian20C4	Tunisian	0.000010 0.011208 0.000010 0.000010 0.000010 0.755907 0.020306 0.212539
Tunisian20C1	Tunisian	0.057016 0.000010 0.000010 0.000010 0.000010 0.722093 0.009778 0.211073
Tunisian20F4	Tunisian	0.017073 0.000010 0.000010 0.000010 0.009045 0.721111 0.038653 0.214088
Tunisian20B4	Tunisian	0.049913 0.003686 0.000010 0.000010 0.000010 0.713124 0.026530 0.206716
Tunisian200000	Tunisian	0.028839 0.000010 0.000010 0.000010 0.000010 0.711365 0.036090 0.223667
Tunisian20A5	Tunisian	0.019083 0.002035 0.001113 0.000010 0.000010 0.701788 0.024954 0.251008
Tunisian20D4	Tunisian	0.021864 0.006914 0.008993 0.000746 0.000010 0.698399 0.011061 0.252012
Tunisian20D1	Tunisian	0.018183 0.004813 0.000010 0.000010 0.000010 0.696490 0.032548 0.247937
TunisianJew1763	Tunisian_Jew	0.066822 0.000010 0.000010 0.000010 0.000010 0.863976 0.012983 0.056178
TunisianJew1531	Tunisian_Jew	0.079342 0.009622 0.000010 0.000010 0.000010 0.859756 0.000010 0.051240
TunisianJew1421	Tunisian_Jew	0.074227 0.004095 0.004167 0.000010 0.000010 0.846020 0.000010 0.071461
TunisianJew1170	Tunisian_Jew	0.096579 0.005823 0.000010 0.000010 0.000010 0.842413 0.004423 0.050732
TunisianJew1511	Tunisian_Jew	0.089818 0.000010 0.000010 0.000010 0.000010 0.832484 0.009923 0.067735
TunisianJew1544	Tunisian_Jew	0.089155 0.008551 0.000010 0.001064 0.000010 0.831991 0.017293 0.051926
TunisianJew1507	Tunisian_Jew	0.108104 0.008180 0.000010 0.000010 0.007251 0.818101 0.000010 0.058334
LibyanJew1659	Libyan_Jew	0.081530 0.000010 0.000010 0.000010 0.012216 0.844668 0.004118 0.057437
LibyanJew1611	Libyan_Jew	0.080306 0.011163 0.000010 0.000010 0.009976 0.839307 0.007728 0.051499
LibyanJew1462	Libyan_Jew	0.088275 0.000010 0.000010 0.000010 0.000010 0.835193 0.014393 0.062099
LibyanJew1601	Libyan_Jew	0.090497 0.002959 0.000010 0.000010 0.007063 0.834102 0.014843 0.050517
LibyanJew1605	Libyan_Jew	0.087040 0.010905 0.000010 0.000010 0.000010 0.831412 0.000010 0.070604
LibyanJew1639	Libyan_Jew	0.105758 0.002701 0.000010 0.000010 0.000010 0.827942 0.003444 0.060125
LibyanJew1263	Libyan_Jew	0.109375 0.000010 0.000010 0.000010 0.000010 0.823179 0.000010 0.067395
LibyanJew1438	Libyan_Jew	0.104184 0.000010 0.000010 0.000010 0.003520 0.819572 0.006976 0.065718
LibyanJew1104	Libyan_Jew	0.122502 0.004496 0.000010 0.006248 0.000010 0.808594 0.004390 0.053749
HGDP01263	Mozabite	0.013433 0.000511 0.000010 0.000010 0.000010 0.760601 0.020021 0.205404
HGDP01278	Mozabite	0.000010 0.004840 0.000010 0.000010 0.000010 0.744160 0.021309 0.229651
HGDP01255	Mozabite	0.016778 0.010722 0.001074 0.005176 0.000010 0.742884 0.000010 0.223346
HGDP01282	Mozabite	0.000010 0.025504 0.000010 0.000010 0.000010 0.738596 0.010798 0.225062
HGDP01280	Mozabite	0.000010 0.012274 0.000010 0.002608 0.001355 0.735159 0.000010 0.248574
HGDP01264	Mozabite	0.000010 0.004698 0.000472 0.000010 0.000010 0.734505 0.017732 0.242563
HGDP01253	Mozabite	0.000010 0.000010 0.000010 0.000010 0.000010 0.732850 0.013995 0.253105
HGDP01275	Mozabite	0.000010 0.000010 0.000010 0.000010 0.000010 0.730569 0.028259 0.241122
HGDP01254	Mozabite	0.000010 0.016105 0.000010 0.000010 0.000010 0.728276 0.023668 0.231911
HGDP01258	Mozabite	0.000010 0.014545 0.000010 0.008790 0.000010 0.727785 0.011969 0.236882
HGDP01256	Mozabite	0.000010 0.000010 0.000010 0.000010 0.000010 0.727531 0.008292 0.264127
HGDP01268	Mozabite	0.000010 0.016830 0.000010 0.000010 0.000010 0.727103 0.007379 0.248648
HGDP01265	Mozabite	0.000010 0.013136 0.000010 0.000010 0.000010 0.726101 0.009555 0.251167
HGDP01272	Mozabite	0.000010 0.000213 0.000010 0.000010 0.000010 0.723454 0.031963 0.244330
HGDP01279	Mozabite	0.000010 0.015547 0.000010 0.000010 0.000010 0.717160 0.013103 0.254150
HGDP01277	Mozabite	0.000010 0.004851 0.000010 0.000010 0.000010 0.714323 0.037119 0.243667
HGDP01262	Mozabite	0.000010 0.012120 0.000010 0.000010 0.001527 0.712360 0.017318 0.256644
HGDP01276	Mozabite	0.000010 0.008549 0.000010 0.000010 0.000010 0.706836 0.012630 0.271945
HGDP01257	Mozabite	0.000010 0.009091 0.000010 0.000010 0.000010 0.692094 0.007152 0.291623
HGDP01259	Mozabite	0.000010 0.012965 0.000010 0.000010 0.000010 0.680036 0.030768 0.276191
HGDP01274	Mozabite	0.000010 0.014111 0.000010 0.011188 0.000010 0.656213 0.000181 0.318277
Algerian43A34	Algerian	0.000010 0.008441 0.000010 0.000010 0.000010 0.759655 0.023816 0.208048
Algerian43A13	Algerian	0.000010 0.000596 0.000622 0.000010 0.000010 0.730534 0.015294 0.252924
Algerian43A23	Algerian	0.000010 0.013659 0.000010 0.000010 0.000010 0.716093 0.014584 0.255623
Algerian43A21	Algerian	0.008932 0.010276 0.000010 0.000010 0.000888 0.709904 0.020319 0.249660
Algerian43A24	Algerian	0.000010 0.008669 0.007654 0.000010 0.000010 0.706934 0.008606 0.268108
Algerian43A22	Algerian	0.000010 0.011688 0.000010 0.000010 0.000010 0.691479 0.039140 0.257654
Algerian43A32	Algerian	0.000010 0.005020 0.000010 0.000010 0.000010 0.691020 0.052259 0.251661
SAH18	Saharawi	0.000010 0.008425 0.000010 0.000010 0.000010 0.702107 0.013788 0.275641
SAH24	Saharawi	0.000010 0.012902 0.000010 0.000010 0.000010 0.696590 0.024588 0.265880
SAH9	Saharawi	0.000010 0.007733 0.000010 0.000010 0.000010 0.692710 0.024358 0.275158
SAH21	Saharawi	0.010018 0.006377 0.001894 0.000010 0.000010 0.684045 0.009750 0.287896
SAH27	Saharawi	0.000010 0.000010 0.000010 0.000010 0.000010 0.682447 0.019547 0.297956
SAH34	Saharawi	0.000010 0.002503 0.000010 0.000010 0.004319 0.677477 0.017222 0.298450
EthiopianJew1831	Ethiopian_Jew	0.030280 0.016793 0.000010 0.000010 0.017543 0.479938 0.017124 0.438302
EthiopianJew1818	Ethiopian_Jew	0.027456 0.024492 0.000010 0.000010 0.030324 0.479723 0.001160 0.436826
EthiopianJew1574	Ethiopian_Jew	0.025594 0.003272 0.000010 0.000010 0.025198 0.478947 0.013482 0.453486
EthiopianJew1804	Ethiopian_Jew	0.044537 0.006358 0.000010 0.000010 0.026830 0.469873 0.008460 0.443923
EthiopianJew1570	Ethiopian_Jew	0.026207 0.000010 0.000010 0.000010 0.024711 0.466919 0.029545 0.452589
EthiopianJew1822	Ethiopian_Jew	0.035852 0.009229 0.000010 0.000010 0.033720 0.466180 0.023068 0.431931
EthiopianJew4690	Ethiopian_Jew	0.026937 0.012193 0.000010 0.000010 0.035351 0.464169 0.019067 0.442263
ADR20107	Oromo	0.004166 0.008697 0.000010 0.000010 0.044535 0.345542 0.031451 0.565589
ADR20112	Oromo	0.043452 0.001422 0.000010 0.000010 0.050564 0.359001 0.011058 0.534483
ADR20109	Oromo	0.022278 0.015328 0.000010 0.000010 0.063367 0.348399 0.017434 0.533175
ADR20106	Oromo	0.054205 0.006288 0.000010 0.000010 0.033647 0.370138 0.006565 0.529136
Ayodo_41S	Somali	0.000010 0.015268 0.000010 0.000010 0.019460 0.347452 0.027822 0.589968
Ayodo_5S	Somali	0.000010 0.006959 0.000010 0.000010 0.029815 0.378359 0.009543 0.575295
Ayodo_21S	Somali	0.006856 0.005488 0.000010 0.000010 0.023886 0.360533 0.032454 0.570763
Ayodo_69S	Somali	0.003065 0.018501 0.000010 0.000010 0.029333 0.354884 0.027460 0.566738
Ayodo_35S	Somali	0.008080 0.007442 0.000010 0.000010 0.029614 0.368271 0.021044 0.565529
Ayodo_40S	Somali	0.016328 0.004890 0.000010 0.000010 0.014968 0.380690 0.019442 0.563662
Ayodo_23S	Somali	0.023749 0.018520 0.000010 0.000010 0.017723 0.370086 0.016692 0.553210
Ayodo_81S	Somali	0.010761 0.016750 0.000010 0.015085 0.022719 0.382627 0.001027 0.551021
Ayodo_34S	Somali	0.018287 0.020212 0.000010 0.000010 0.030506 0.363371 0.017791 0.549813
Ayodo_52S	Somali	0.023550 0.004755 0.000010 0.000010 0.037091 0.366725 0.020915 0.546944
Ayodo_90S	Somali	0.018411 0.012075 0.000010 0.000010 0.024419 0.391635 0.009775 0.543665
Ayodo_61S	Somali	0.005839 0.002132 0.000010 0.000010 0.046069 0.383111 0.027146 0.535684
Ayodo_43S	Somali	0.004253 0.016334 0.000010 0.000010 0.030234 0.400723 0.025921 0.522516
GOR067	Datog	0.027319 0.010254 0.000010 0.000010 0.059193 0.264492 0.000010 0.638712
GOR063	Datog	0.002309 0.008639 0.000010 0.000010 0.066368 0.271185 0.036012 0.615467
GOR049	Datog	0.016181 0.005566 0.000539 0.000010 0.066642 0.265617 0.031096 0.614350
Ayodo_103M	Masai	0.004414 0.003336 0.000010 0.000010 0.051505 0.193872 0.017043 0.729811
NA21487	Masai	0.040669 0.008584 0.000010 0.000010 0.038047 0.186896 0.000010 0.725773
Ayodo_101M	Masai	0.036346 0.008328 0.000010 0.000010 0.053780 0.177337 0.003671 0.720520
NA21490	Masai	0.018946 0.013531 0.000010 0.000010 0.048700 0.202340 0.006635 0.709828
NA21581	Masai	0.000010 0.020026 0.006087 0.000667 0.052181 0.214911 0.000010 0.706107
NA21648	Masai	0.025945 0.012960 0.000010 0.000010 0.052125 0.198272 0.009181 0.701498
NA21477	Masai	0.017306 0.004438 0.000010 0.000010 0.055386 0.204460 0.018804 0.699586
NA21310	Masai	0.006110 0.014766 0.010282 0.000010 0.042793 0.210469 0.021144 0.694425
NA21366	Masai	0.033238 0.003158 0.000010 0.000010 0.051172 0.211005 0.028687 0.672721
NA21425	Masai	0.016771 0.009286 0.000010 0.000010 0.046675 0.242788 0.012212 0.672247
NA21302	Masai	0.014946 0.012239 0.000010 0.005621 0.058227 0.242013 0.005442 0.661502
NA21514	Masai	0.055459 0.014478 0.000010 0.000010 0.047630 0.236124 0.000010 0.646279
Ayodo_47K	Kikuyu	0.009336 0.005937 0.000010 0.000010 0.047018 0.139736 0.003504 0.794449
Ayodo_67K	Kikuyu	0.004589 0.002606 0.000010 0.000010 0.058404 0.138413 0.009289 0.786679
Ayodo_61K	Kikuyu	0.000010 0.000010 0.000010 0.008631 0.051710 0.158255 0.000141 0.781233
Ayodo_83K	Kikuyu	0.017939 0.012556 0.000010 0.000010 0.052078 0.154768 0.007092 0.755546
Sandawe021	Sandawe	0.023837 0.000010 0.000010 0.000010 0.104770 0.135646 0.006482 0.729235
Sandawe019	Sandawe	0.028368 0.007740 0.003582 0.000010 0.099472 0.167311 0.007613 0.685904
Sandawe001	Sandawe	0.006191 0.006454 0.008662 0.012968 0.132630 0.149311 0.003846 0.679939
Sandawe023	Sandawe	0.031163 0.004586 0.001170 0.002762 0.125905 0.154813 0.007743 0.671857
Sandawe022	Sandawe	0.007881 0.010164 0.000010 0.000304 0.133605 0.164527 0.015894 0.667617
Sandawe024	Sandawe	0.000010 0.016382 0.000010 0.000010 0.126259 0.180825 0.011246 0.665259
Sandawe013	Sandawe	0.000010 0.006566 0.000010 0.000010 0.135090 0.180499 0.020535 0.657281
Sandawe003	Sandawe	0.019169 0.005324 0.000010 0.000010 0.143092 0.168841 0.007271 0.656282
Sandawe012	Sandawe	0.001548 0.005612 0.000010 0.000010 0.139883 0.176244 0.021550 0.655142
Sandawe016	Sandawe	0.000010 0.005034 0.000010 0.000010 0.140525 0.182716 0.017271 0.654423
Sandawe007	Sandawe	0.022680 0.010211 0.000010 0.000010 0.138354 0.169414 0.004954 0.654367
Sandawe009	Sandawe	0.009198 0.002960 0.000010 0.000010 0.146161 0.178885 0.008751 0.654027
Sandawe025	Sandawe	0.029899 0.009300 0.000010 0.010347 0.148226 0.152510 0.000710 0.648998
Sandawe002	Sandawe	0.012352 0.008161 0.000010 0.000010 0.173245 0.150345 0.010184 0.645694
Sandawe027	Sandawe	0.000804 0.009648 0.005666 0.000010 0.156344 0.182011 0.000010 0.645508
Sandawe005	Sandawe	0.002894 0.008889 0.000010 0.000010 0.163471 0.177101 0.009235 0.638390
Sandawe020	Sandawe	0.000010 0.004565 0.000010 0.000010 0.160652 0.175209 0.021817 0.637726
Sandawe008	Sandawe	0.005695 0.001546 0.003218 0.000010 0.157044 0.171388 0.024047 0.637052
Sandawe011	Sandawe	0.000010 0.008230 0.000010 0.000010 0.165599 0.192365 0.000010 0.633766
Sandawe014	Sandawe	0.000010 0.012912 0.000010 0.000010 0.159084 0.185264 0.014477 0.628232
Sandawe018	Sandawe	0.009207 0.028006 0.000362 0.000010 0.171736 0.166815 0.001819 0.622045
Sandawe006	Sandawe	0.018850 0.006986 0.000010 0.000010 0.155237 0.187397 0.011869 0.619641
AD_505	AA	0.003727 0.000010 0.002925 0.000010 0.000010 0.078028 0.000010 0.915281
AD_511	AA	0.000010 0.007996 0.000010 0.000010 0.000010 0.087843 0.000010 0.904111
AD_510	AA	0.000010 0.012388 0.000010 0.000010 0.000010 0.099017 0.000010 0.888545
AD_015	AA	0.009924 0.005563 0.016703 0.000010 0.024281 0.076938 0.000010 0.866570
AD_006	AA	0.009172 0.000010 0.016703 0.006829 0.032802 0.069130 0.008415 0.856940
AD_064	AA	0.007797 0.005155 0.007343 0.000010 0.027195 0.107026 0.000010 0.845464
AD_500	AA	0.000010 0.004228 0.038684 0.000599 0.031566 0.080353 0.000010 0.844550
AD_061	AA	0.024185 0.000010 0.011649 0.001617 0.019124 0.116259 0.000010 0.827146
AD_066	AA	0.002433 0.012647 0.000010 0.000010 0.029038 0.143927 0.000010 0.811924
AD_076	AA	0.004638 0.000010 0.016450 0.002281 0.023600 0.153180 0.009438 0.790403
AD_523	AA	0.001026 0.007708 0.019372 0.000010 0.025110 0.170422 0.000010 0.776342
AD_512	AA	0.030247 0.010969 0.021394 0.037684 0.016992 0.469851 0.005031 0.407833
NA19017	Luhya	0.000010 0.001211 0.000010 0.000010 0.044038 0.017034 0.002714 0.934973
NA19023	Luhya	0.000010 0.000010 0.000714 0.007171 0.050019 0.012329 0.000010 0.929737
NA19044	Luhya	0.000010 0.011066 0.000010 0.000010 0.041216 0.023262 0.000010 0.924417
NA19024	Luhya	0.000010 0.002978 0.000842 0.003065 0.048347 0.024710 0.000010 0.920039
NA19026	Luhya	0.002944 0.000010 0.000010 0.000010 0.040183 0.038206 0.000010 0.918627
NA19019	Luhya	0.000010 0.012958 0.007027 0.000010 0.055712 0.014863 0.000010 0.909410
NA19020	Luhya	0.000171 0.006251 0.003323 0.004206 0.050113 0.030278 0.000010 0.905647
NA19027	Luhya	0.006438 0.007609 0.000010 0.000010 0.057443 0.041086 0.000010 0.887394
Ayodo_502C	Luo	0.008245 0.006407 0.003416 0.000010 0.037049 0.013887 0.000010 0.930976
Ayodo_458C	Luo	0.018103 0.001788 0.000010 0.000010 0.044698 0.012861 0.000010 0.922519
Ayodo_430C	Luo	0.000010 0.000010 0.000010 0.000010 0.053330 0.014617 0.011745 0.920268
Ayodo_604C	Luo	0.018975 0.000010 0.000010 0.000010 0.048565 0.013765 0.000010 0.918654
Ayodo_423C	Luo	0.000010 0.000010 0.002642 0.000010 0.056981 0.026018 0.000010 0.914319
Ayodo_412C	Luo	0.001940 0.007061 0.001005 0.000010 0.063332 0.014696 0.000010 0.911945
Ayodo_438C	Luo	0.027341 0.000010 0.000010 0.000010 0.052985 0.008452 0.000010 0.911182
Ayodo_460C	Luo	0.014450 0.000010 0.002664 0.005418 0.054570 0.009811 0.005440 0.907636
HGDP01405	BantuKenya	0.006407 0.003590 0.000010 0.000010 0.034602 0.009012 0.010253 0.936116
HGDP01419	BantuKenya	0.003799 0.000010 0.000010 0.000010 0.041983 0.010218 0.010322 0.933647
HGDP01417	BantuKenya	0.003500 0.000010 0.000010 0.000010 0.045670 0.024276 0.000010 0.926514
HGDP01408	BantuKenya	0.014199 0.000010 0.000010 0.000010 0.043477 0.017162 0.000010 0.925122
HGDP01418	BantuKenya	0.015267 0.000010 0.000010 0.005739 0.048225 0.009585 0.002201 0.918963
HGDP01414	BantuKenya	0.000010 0.000010 0.005591 0.006775 0.050147 0.015313 0.005138 0.917017
DNK09	Dinka	0.021583 0.000010 0.005612 0.005534 0.009433 0.010706 0.020745 0.926379
DNK03	Dinka	0.023237 0.006384 0.000010 0.010709 0.029423 0.003860 0.007487 0.918890
DNK05	Dinka	0.029121 0.011963 0.008025 0.000010 0.022979 0.005203 0.009022 0.913678
DNK07	Dinka	0.028153 0.013624 0.000010 0.000010 0.032379 0.008804 0.005714 0.911304
DNK15	Dinka	0.024245 0.001958 0.003878 0.000010 0.029462 0.022586 0.009995 0.907866
DNK06	Dinka	0.029806 0.001459 0.006639 0.000010 0.026056 0.011546 0.017004 0.907480
DNK11	Dinka	0.014499 0.009397 0.004265 0.002666 0.046447 0.018915 0.003785 0.900026
HG02464	Gambian	0.000010 0.000010 0.000010 0.000010 0.011274 0.000010 0.000682 0.987994
HG02573	Gambian	0.000010 0.002760 0.001375 0.000010 0.008753 0.016657 0.000010 0.970424
HG02465	Gambian	0.003027 0.000010 0.000010 0.000010 0.021860 0.006141 0.000010 0.968932
HG02570	Gambian	0.009799 0.003696 0.000010 0.000010 0.020018 0.004731 0.000010 0.961726
HG02571	Gambian	0.000010 0.000010 0.000020 0.000010 0.024928 0.017387 0.000010 0.957626
HG02574	Gambian	0.000010 0.000010 0.002447 0.000010 0.004172 0.056366 0.000010 0.936975
HGDP01031	BantuSA	0.000010 0.000010 0.005540 0.000010 0.067299 0.008489 0.000841 0.917801
HGDP01028	BantuSA	0.000010 0.000010 0.000010 0.003483 0.078153 0.000010 0.001693 0.916631
HGDP01035	BantuSA	0.000406 0.000010 0.000010 0.000010 0.102540 0.000010 0.000010 0.897004
HGDP01033	BantuSA	0.001285 0.000010 0.000010 0.000010 0.168808 0.000010 0.000010 0.829858
HGDP01034	BantuSA	0.002347 0.000010 0.002010 0.000010 0.216239 0.000010 0.000010 0.779364
HGDP00994	BantuSA	0.000010 0.000010 0.000010 0.000010 0.241035 0.000010 0.001823 0.757093
HGDP00993	BantuSA	0.004490 0.000010 0.000010 0.000010 0.252039 0.000010 0.000010 0.743421
HGDP01030	BantuSA	0.000010 0.000010 0.000010 0.000010 0.345970 0.000010 0.000010 0.653970
HG03057	Mende	0.000010 0.000010 0.000010 0.000010 0.030437 0.000010 0.000010 0.969503
HG03078	Mende	0.000010 0.003141 0.000015 0.000010 0.036955 0.000010 0.000010 0.959849
HG03085	Mende	0.000010 0.000010 0.000010 0.000010 0.041827 0.000010 0.000010 0.958113
HG03097	Mende	0.000010 0.000010 0.000010 0.000010 0.050517 0.000010 0.000010 0.949423
HG03076	Mende	0.009743 0.000010 0.000010 0.000010 0.038208 0.003296 0.000010 0.948713
HG03069	Mende	0.004100 0.000010 0.000010 0.000010 0.047851 0.000010 0.000010 0.947998
HG03052	Mende	0.000010 0.000575 0.002655 0.000010 0.059986 0.000010 0.000010 0.936745
HG03072	Mende	0.000010 0.002404 0.000010 0.000010 0.055077 0.005979 0.000010 0.936500
HGDP00912	Mandenka	0.000010 0.000010 0.000010 0.002834 0.000010 0.000010 0.007986 0.989130
HGDP00904	Mandenka	0.000010 0.000010 0.012166 0.000010 0.000010 0.000063 0.000010 0.987721
HGDP00907	Mandenka	0.000010 0.000010 0.000010 0.000010 0.000010 0.014666 0.000010 0.985274
HGDP01284	Mandenka	0.000010 0.000010 0.000010 0.005755 0.014989 0.000010 0.000010 0.979206
HGDP00909	Mandenka	0.000010 0.001182 0.000010 0.001869 0.008744 0.011255 0.000010 0.976920
HGDP01199	Mandenka	0.000010 0.000673 0.000010 0.000010 0.010052 0.012730 0.000010 0.976505
HGDP00905	Mandenka	0.010381 0.002954 0.000010 0.000010 0.002493 0.009339 0.000010 0.974803
HGDP01200	Mandenka	0.010934 0.000010 0.004454 0.001285 0.008330 0.000629 0.000010 0.974347
HGDP00915	Mandenka	0.000010 0.006459 0.000010 0.006080 0.000010 0.013878 0.000010 0.973543
HGDP01286	Mandenka	0.000010 0.002656 0.000010 0.006182 0.000010 0.018426 0.000010 0.972696
HGDP00908	Mandenka	0.006375 0.000010 0.004534 0.000010 0.008787 0.000010 0.009398 0.970876
HGDP00913	Mandenka	0.000010 0.000010 0.000010 0.002510 0.014666 0.012641 0.000010 0.970144
HGDP01202	Mandenka	0.000010 0.003232 0.000010 0.000010 0.020240 0.000010 0.006875 0.969614
HGDP00917	Mandenka	0.006764 0.000010 0.000010 0.000010 0.000010 0.013468 0.011175 0.968554
HGDP01283	Mandenka	0.000010 0.000010 0.003488 0.000010 0.006790 0.022826 0.000010 0.966856
HGDP00910	Mandenka	0.006414 0.000017 0.000010 0.000833 0.013491 0.017222 0.002207 0.959807
HGDP00906	Mandenka	0.000010 0.000010 0.003406 0.000010 0.024048 0.020627 0.000010 0.951879
NAM434	Wambo	0.000010 0.000010 0.000010 0.000010 0.053975 0.000010 0.000010 0.945965
NAM331	Wambo	0.000010 0.000010 0.000010 0.003170 0.050882 0.000010 0.000010 0.945898
NAM088	Wambo	0.000010 0.000010 0.000446 0.000010 0.059637 0.000010 0.000010 0.939867
NAM453	Wambo	0.000010 0.000010 0.000010 0.000010 0.060073 0.000010 0.000010 0.939867
NAM436	Wambo	0.000010 0.000852 0.000010 0.000010 0.063175 0.000010 0.000010 0.935923
HG02923	Esan	0.000010 0.000010 0.000010 0.000010 0.000010 0.000010 0.000010 0.999930
HG03100	Esan	0.000010 0.000010 0.000010 0.000010 0.000010 0.000010 0.000010 0.999930
HG03108	Esan	0.000010 0.000010 0.000010 0.000010 0.006450 0.000010 0.000010 0.993490
HG03109	Esan	0.000010 0.000010 0.000010 0.000010 0.011595 0.000010 0.000010 0.988345
HG02943	Esan	0.000010 0.000010 0.000010 0.000010 0.013193 0.000010 0.000010 0.986747
HG03099	Esan	0.000010 0.000010 0.000010 0.000010 0.017457 0.000010 0.000010 0.982483
HG02922	Esan	0.000010 0.000010 0.000010 0.000010 0.020884 0.000010 0.000010 0.979056
HG02974	Esan	0.000010 0.000010 0.000010 0.000010 0.020622 0.001041 0.000010 0.978288
HGDP00934	Yoruba	0.000010 0.000010 0.000010 0.000010 0.000010 0.000010 0.000010 0.999930
HGDP00936	Yoruba	0.000010 0.000010 0.000010 0.000010 0.000010 0.000010 0.000010 0.999930
HGDP00937	Yoruba	0.000010 0.000010 0.000010 0.000010 0.000010 0.000010 0.000010 0.999930
HGDP00943	Yoruba	0.000010 0.000010 0.000010 0.000010 0.000010 0.000010 0.000010 0.999930
NA18856	Yoruba	0.000010 0.000010 0.000010 0.000010 0.000010 0.000010 0.000010 0.999930
NA18862	Yoruba	0.000010 0.000010 0.000010 0.000010 0.000010 0.000010 0.000010 0.999930
NA19098	Yoruba	0.000010 0.000010 0.000010 0.000010 0.000010 0.000010 0.000010 0.999930
NA19143	Yoruba	0.000010 0.000010 0.000010 0.000010 0.000010 0.000010 0.000010 0.999930
NA19160	Yoruba	0.000010 0.000010 0.000010 0.000010 0.000010 0.000010 0.000010 0.999930
NA19222	Yoruba	0.000010 0.000010 0.000010 0.000010 0.000010 0.000010 0.000010 0.999930
NA18504	Yoruba	0.000010 0.000010 0.000010 0.000010 0.001223 0.000010 0.000010 0.998717
NA19128	Yoruba	0.000010 0.000734 0.000010 0.000010 0.000827 0.000010 0.000010 0.998389
HGDP00942	Yoruba	0.000010 0.000010 0.000010 0.000010 0.001608 0.000010 0.000010 0.998332
HGDP00940	Yoruba	0.000010 0.000010 0.000010 0.000010 0.001946 0.000010 0.000010 0.997994
NA19204	Yoruba	0.000010 0.000010 0.002005 0.000010 0.000010 0.000010 0.000010 0.997935
NA18870	Yoruba	0.000010 0.000010 0.000010 0.000010 0.002015 0.000010 0.000010 0.997925
HGDP00941	Yoruba	0.000010 0.000010 0.000010 0.000010 0.002104 0.000010 0.000010 0.997836
NA19201	Yoruba	0.000010 0.000010 0.000010 0.002194 0.000010 0.000010 0.000010 0.997746
HGDP00933	Yoruba	0.000010 0.000010 0.000010 0.000010 0.002212 0.000010 0.000010 0.997728
NA19127	Yoruba	0.000010 0.000010 0.000010 0.000010 0.002477 0.000010 0.000010 0.997463
NA18852	Yoruba	0.000010 0.000010 0.000010 0.000010 0.002801 0.000010 0.000010 0.997139
NA19119	Yoruba	0.000010 0.000010 0.003438 0.000010 0.000010 0.000010 0.000010 0.996502
NA19137	Yoruba	0.000010 0.000010 0.000010 0.000010 0.003724 0.000010 0.000010 0.996216
NA19099	Yoruba	0.000010 0.000010 0.000010 0.000010 0.003762 0.000010 0.000010 0.996178
HGDP00920	Yoruba	0.000010 0.000010 0.000010 0.000010 0.004118 0.000010 0.000010 0.995822
HGDP00930	Yoruba	0.000010 0.000010 0.000010 0.000010 0.004118 0.000010 0.000010 0.995822
HGDP00932	Yoruba	0.000010 0.000010 0.000010 0.000010 0.004212 0.000010 0.000010 0.995728
NA18517	Yoruba	0.000010 0.000010 0.000010 0.000010 0.004264 0.000010 0.000010 0.995676
NA18858	Yoruba	0.000010 0.000010 0.000010 0.000010 0.004465 0.000010 0.000010 0.995475
HGDP00944	Yoruba	0.000010 0.000010 0.000010 0.002067 0.000010 0.002638 0.000010 0.995245
HGDP00935	Yoruba	0.000010 0.000010 0.000010 0.000010 0.004918 0.000010 0.000010 0.995022
NA19138	Yoruba	0.000010 0.000010 0.000010 0.000010 0.005500 0.000010 0.000010 0.994440
NA18861	Yoruba	0.000010 0.000314 0.001905 0.000010 0.003522 0.000010 0.000010 0.994219
NA18871	Yoruba	0.000010 0.000010 0.000010 0.000010 0.005929 0.000010 0.000010 0.994011
HGDP00939	Yoruba	0.000010 0.000010 0.005952 0.000010 0.000010 0.000010 0.000010 0.993988
HGDP00928	Yoruba	0.000010 0.000010 0.000010 0.000010 0.006148 0.000010 0.000010 0.993792
NA19141	Yoruba	0.000010 0.000010 0.000010 0.000010 0.006467 0.000010 0.000010 0.993473
NA19193	Yoruba	0.000010 0.000010 0.000010 0.000010 0.006727 0.000010 0.000010 0.993213
NA19206	Yoruba	0.000010 0.000010 0.000010 0.000010 0.006888 0.000010 0.000010 0.993052
HGDP00926	Yoruba	0.000010 0.000010 0.000010 0.000010 0.007282 0.000010 0.000010 0.992658
NA18516	Yoruba	0.000010 0.000010 0.000010 0.000010 0.007299 0.000010 0.000010 0.992641
NA19130	Yoruba	0.000010 0.002347 0.005076 0.000010 0.000010 0.000010 0.000010 0.992527
NA19209	Yoruba	0.000010 0.000010 0.000010 0.000010 0.008147 0.000010 0.000010 0.991793
NA19131	Yoruba	0.000010 0.000010 0.000632 0.000010 0.007823 0.000010 0.000010 0.991495
HGDP00924	Yoruba	0.000010 0.000010 0.000010 0.000010 0.008930 0.000010 0.000010 0.991010
NA19207	Yoruba	0.000010 0.001598 0.000010 0.000010 0.007556 0.000010 0.000010 0.990796
NA19101	Yoruba	0.000010 0.000010 0.000010 0.000010 0.007844 0.001508 0.000010 0.990598
NA19171	Yoruba	0.000010 0.007739 0.000010 0.000010 0.001833 0.000010 0.000010 0.990378
NA18855	Yoruba	0.000010 0.002942 0.002406 0.000010 0.004494 0.000010 0.000010 0.990119
HGDP00925	Yoruba	0.000010 0.000010 0.000010 0.000010 0.009946 0.000010 0.000010 0.989994
NA19238	Yoruba	0.000010 0.000010 0.000166 0.001739 0.008483 0.000010 0.000010 0.989573
NA18853	Yoruba	0.000010 0.000010 0.000010 0.000010 0.010790 0.000010 0.000010 0.989150
NA18505	Yoruba	0.000010 0.000010 0.000010 0.000010 0.011304 0.000010 0.000010 0.988636
NA19144	Yoruba	0.000010 0.000010 0.000010 0.000010 0.011453 0.000010 0.000010 0.988487
HGDP00929	Yoruba	0.000010 0.000010 0.000010 0.000010 0.011492 0.000010 0.000010 0.988448
NA18507	Yoruba	0.000010 0.000010 0.000010 0.000010 0.011978 0.000010 0.000010 0.987962
NA18859	Yoruba	0.000010 0.000010 0.001515 0.003513 0.007123 0.000010 0.000010 0.987809
NA18508	Yoruba	0.000010 0.000010 0.000010 0.000010 0.012167 0.000010 0.000010 0.987773
NA18522	Yoruba	0.000010 0.000010 0.000010 0.000010 0.012282 0.000010 0.000010 0.987658
NA19239	Yoruba	0.000010 0.000010 0.000010 0.000010 0.012402 0.000010 0.000010 0.987538
NA19093	Yoruba	0.000010 0.000010 0.000010 0.000010 0.012574 0.000010 0.000010 0.987366
NA19116	Yoruba	0.000010 0.000010 0.000010 0.001060 0.011655 0.000010 0.000010 0.987234
NA19102	Yoruba	0.000010 0.001339 0.000010 0.002076 0.010360 0.000010 0.000010 0.986185
NA19203	Yoruba	0.000010 0.000010 0.000010 0.000010 0.013987 0.000010 0.000010 0.985953
NA19159	Yoruba	0.000010 0.000010 0.000010 0.000010 0.014424 0.000010 0.000010 0.985516
NA18501	Yoruba	0.000010 0.000010 0.000010 0.000010 0.014510 0.000010 0.000010 0.985430
HGDP00931	Yoruba	0.000010 0.000010 0.000567 0.005047 0.008965 0.000010 0.000010 0.985381
HGDP00938	Yoruba	0.000010 0.000010 0.000010 0.000010 0.016415 0.000010 0.000010 0.983525
NA19223	Yoruba	0.000010 0.000010 0.000010 0.000010 0.020488 0.000010 0.000010 0.979452
NA19210	Yoruba	0.000010 0.000010 0.000010 0.000010 0.022927 0.000010 0.000010 0.977013
NAM172	Khwe	0.007276 0.000010 0.000010 0.000010 0.373445 0.026724 0.000010 0.592516
BOT6.160	Khwe	0.000010 0.000015 0.000010 0.000010 0.392802 0.024575 0.000010 0.582568
NAM175	Khwe	0.002729 0.006104 0.000010 0.000010 0.390670 0.019661 0.000010 0.580806
NAM179	Khwe	0.000010 0.000010 0.000010 0.000010 0.392297 0.028853 0.004546 0.574264
NAM167	Khwe	0.000010 0.000010 0.003301 0.000010 0.399867 0.033348 0.000010 0.563444
NAM376	Khwe	0.010486 0.000010 0.000010 0.000010 0.401820 0.025968 0.000010 0.561685
BOT6.158	Khwe	0.008124 0.006865 0.000010 0.000010 0.428538 0.014424 0.000284 0.541745
BOT6.154	Khwe	0.000010 0.001831 0.000010 0.000010 0.429904 0.032794 0.000010 0.535432
NAM321	Nama	0.000014 0.004201 0.000010 0.000010 0.854374 0.082358 0.000010 0.059024
NAM325	Nama	0.000010 0.000010 0.000010 0.000010 0.819062 0.073347 0.000010 0.107542
NAM317	Nama	0.000539 0.000010 0.000010 0.000010 0.804871 0.077316 0.000010 0.117235
NAM445	Nama	0.006556 0.000010 0.000010 0.015445 0.769469 0.115418 0.000010 0.093081
NAM326	Nama	0.006655 0.001461 0.000010 0.000010 0.741503 0.062210 0.000010 0.188141
NAM299	Nama	0.019806 0.000012 0.000010 0.000010 0.733957 0.130887 0.001640 0.113679
NAM442	Nama	0.019222 0.001699 0.000010 0.000010 0.698446 0.181624 0.000010 0.098979
NAM429	Nama	0.002494 0.008180 0.000125 0.004155 0.694988 0.080285 0.001229 0.208544
NAM444	Nama	0.020168 0.000010 0.000010 0.000010 0.694735 0.043679 0.003479 0.237909
NAM304	Nama	0.000010 0.000010 0.005892 0.012507 0.650656 0.235509 0.000010 0.095406
NAM412	Nama	0.001180 0.003440 0.000010 0.002135 0.634916 0.064885 0.000010 0.293424
NAM415	Nama	0.008747 0.000010 0.000010 0.002900 0.590649 0.138223 0.000010 0.259450
NAM308	Nama	0.035798 0.017101 0.000010 0.004124 0.583784 0.186381 0.005189 0.167612
NAM448	Nama	0.034902 0.006752 0.000010 0.009348 0.532066 0.229962 0.001872 0.185088
NAM427	Nama	0.010974 0.011054 0.000010 0.000010 0.483931 0.052532 0.005370 0.436120
NAM424	Nama	0.002937 0.005069 0.014474 0.003194 0.417191 0.062378 0.000010 0.494747
BOT6.208	Shua	0.007864 0.001387 0.002027 0.000689 0.290145 0.007581 0.001431 0.688876
BOT6.199	Shua	0.000010 0.000010 0.000010 0.000270 0.361690 0.051762 0.001116 0.585132
BOT6.196	Shua	0.003264 0.005586 0.000010 0.003160 0.379817 0.046916 0.000010 0.561236
BOT6.233	Shua	0.000010 0.000010 0.000010 0.000010 0.419766 0.024192 0.000010 0.555992
BOT6.222	Shua	0.002887 0.008623 0.002395 0.000010 0.406167 0.024474 0.000010 0.555435
BOT6.245	Shua	0.006225 0.001202 0.000010 0.000010 0.428879 0.032794 0.000581 0.530299
BOT6.200	Shua	0.008870 0.000010 0.001362 0.006832 0.425866 0.032226 0.000010 0.524823
BOT6.235	Shua	0.003127 0.000010 0.000010 0.000010 0.425940 0.046893 0.000010 0.524000
BOT6.252	Shua	0.004356 0.002203 0.000010 0.000010 0.473225 0.044256 0.000010 0.475930
BOT6.417	Tswana	0.000010 0.000010 0.000010 0.000010 0.152682 0.000796 0.000010 0.846472
BOT6.413	Tswana	0.000010 0.000010 0.000010 0.000010 0.196683 0.000010 0.000010 0.803257
BOT6.460	Tswana	0.000010 0.000010 0.000010 0.000010 0.268793 0.000010 0.000010 0.731147
BOT6.476	Tswana	0.000010 0.000010 0.000010 0.000010 0.304415 0.000010 0.000010 0.695525
BOT6.475	Tswana	0.000010 0.000010 0.000010 0.000010 0.351649 0.000010 0.000010 0.648291
NAM370	Haiom	0.000010 0.002871 0.000010 0.000482 0.672412 0.031683 0.000010 0.292523
NAM371	Haiom	0.013545 0.000010 0.003722 0.001826 0.605521 0.024097 0.000010 0.351270
NAM369	Haiom	0.000010 0.004569 0.000010 0.000010 0.587735 0.043689 0.000010 0.363968
NAM211	Haiom	0.015394 0.001823 0.000010 0.000010 0.528890 0.046007 0.000010 0.407856
NAM232	Haiom	0.000010 0.003248 0.000010 0.000010 0.507474 0.045429 0.000010 0.443808
NAM217	Haiom	0.021618 0.000010 0.000010 0.000010 0.499497 0.036758 0.000010 0.442087
NAM209	Haiom	0.000010 0.001336 0.000010 0.000010 0.485396 0.074199 0.003818 0.435221
NAM296	Himba	0.000010 0.000010 0.000010 0.000010 0.074210 0.000010 0.000010 0.925730
NAM294	Himba	0.000010 0.000010 0.000010 0.000010 0.082584 0.000010 0.000010 0.917356
NAM401	Himba	0.000010 0.000010 0.000010 0.004838 0.078352 0.000010 0.000010 0.916760
NAM295	Himba	0.000010 0.000010 0.000010 0.000010 0.097505 0.000010 0.000010 0.902435
NAM410	Damara	0.000010 0.000010 0.000010 0.000010 0.057618 0.000010 0.000010 0.942322
NAM246	Damara	0.000010 0.000010 0.000010 0.000010 0.057825 0.000010 0.000010 0.942115
NAM262	Damara	0.000010 0.000010 0.000010 0.000010 0.058961 0.000010 0.000010 0.940979
NAM268	Damara	0.000010 0.000010 0.000010 0.000010 0.060800 0.000010 0.000010 0.939140
NAM259	Damara	0.000010 0.000010 0.000010 0.000010 0.064663 0.000010 0.000010 0.935277
NAM267	Damara	0.000010 0.000010 0.000010 0.000010 0.066152 0.000010 0.000010 0.933788
NAM452	Damara	0.000010 0.000010 0.000010 0.000010 0.070381 0.000010 0.000010 0.929559
NAM245	Damara	0.000010 0.000010 0.000010 0.000010 0.077516 0.000010 0.000010 0.922424
NAM399	Damara	0.000010 0.000146 0.000551 0.000010 0.078522 0.000010 0.002242 0.918508
NAM284	Damara	0.000010 0.000010 0.000010 0.000010 0.100403 0.000010 0.000010 0.899537
NAM277	Damara	0.003709 0.000010 0.000010 0.000010 0.160726 0.000010 0.000010 0.835515
NAM395	Damara	0.000748 0.000010 0.006671 0.000010 0.152269 0.012333 0.001620 0.826339
KGA017	Kgalagadi	0.000010 0.000010 0.000010 0.000010 0.319359 0.000010 0.000010 0.680581
KGA003	Kgalagadi	0.000010 0.000010 0.000010 0.000010 0.331661 0.000010 0.000010 0.668279
KGA004	Kgalagadi	0.000010 0.000010 0.000010 0.000010 0.383437 0.000010 0.000010 0.616503
BOT6.566	Kgalagadi	0.000010 0.000010 0.000010 0.000010 0.416244 0.000010 0.000010 0.583696
BOT6.004	Kgalagadi	0.000010 0.000010 0.000010 0.000010 0.515435 0.000010 0.000010 0.484505
Hadza002	Hadza	0.000010 0.012230 0.000010 0.007519 0.148140 0.072212 0.004314 0.755565
Hadza006	Hadza	0.008071 0.005958 0.000010 0.000955 0.138641 0.078961 0.014098 0.753306
Hadza010	Hadza	0.016400 0.000015 0.000010 0.000010 0.167882 0.077464 0.007190 0.731029
Hadza008	Hadza	0.009258 0.002765 0.000010 0.012710 0.172344 0.074353 0.000010 0.728551
Hadza013	Hadza	0.002386 0.002046 0.000335 0.000010 0.161803 0.095881 0.016959 0.720579
Hadza011	Hadza	0.004647 0.014906 0.000010 0.002766 0.175729 0.087789 0.000010 0.714144
Hadza018	Hadza	0.017415 0.009054 0.000010 0.000010 0.182373 0.086112 0.002774 0.702251
Hadza003	Hadza	0.007764 0.013760 0.002375 0.000010 0.194286 0.072001 0.008645 0.701159
Hadza012	Hadza	0.024710 0.003224 0.000010 0.000010 0.182197 0.073623 0.015135 0.701092
Hadza007	Hadza	0.007360 0.007292 0.007528 0.000010 0.191249 0.079329 0.013428 0.693804
Hadza001	Hadza	0.036872 0.004947 0.002444 0.000010 0.178590 0.085872 0.004525 0.686741
Hadza004	Hadza	0.008498 0.011696 0.001630 0.000010 0.211278 0.072295 0.013404 0.681188
Hadza017	Hadza	0.020197 0.002055 0.003515 0.000010 0.215751 0.086042 0.012702 0.659727
Hadza019	Hadza	0.016236 0.005436 0.000010 0.000010 0.217916 0.097260 0.004499 0.658633
Bar08	Hadza	0.025035 0.005288 0.000010 0.000194 0.228518 0.075557 0.020220 0.645177
Bar04	Hadza	0.035936 0.013736 0.007863 0.002080 0.225135 0.061456 0.008898 0.644896
Hadza005	Hadza	0.026633 0.014100 0.000010 0.003903 0.226224 0.077468 0.008934 0.642728
End08	Hadza	0.027863 0.016360 0.000010 0.000010 0.230487 0.078281 0.008017 0.638971
Hadza016	Hadza	0.013059 0.015802 0.000333 0.004673 0.241426 0.086277 0.003495 0.634935
Hadza020	Hadza	0.034056 0.011313 0.000010 0.000010 0.233945 0.079499 0.007510 0.633656
Bar10	Hadza	0.025697 0.019621 0.004672 0.000010 0.226763 0.081606 0.010105 0.631526
Bar13	Hadza	0.010027 0.018681 0.007223 0.000010 0.229395 0.089231 0.014569 0.630863
SA016	Khomani	0.000010 0.000010 0.000010 0.000010 0.938718 0.000010 0.000010 0.061222
SA047	Khomani	0.000010 0.000010 0.000010 0.000010 0.874380 0.000010 0.000010 0.125560
SA010	Khomani	0.000010 0.000010 0.000010 0.000010 0.862292 0.001158 0.000010 0.136500
SA063	Khomani	0.000010 0.000010 0.000010 0.000010 0.830813 0.047946 0.005457 0.115743
SA018	Khomani	0.000010 0.000010 0.000010 0.000010 0.803179 0.000010 0.000010 0.196761
SA1025	Khomani	0.008647 0.000836 0.000010 0.000010 0.748806 0.028100 0.000010 0.213581
SA078	Khomani	0.029019 0.000016 0.019956 0.011600 0.688817 0.239747 0.000010 0.010834
SA073	Khomani	0.019920 0.004447 0.000010 0.002701 0.675603 0.059791 0.022804 0.214724
SA064	Khomani	0.036426 0.009323 0.006783 0.001162 0.653632 0.119798 0.018533 0.154343
SA1004	Khomani	0.027692 0.000010 0.002506 0.000010 0.613715 0.063581 0.000010 0.292476
SA083	Khomani	0.091843 0.010390 0.007512 0.016359 0.602784 0.211938 0.001987 0.057187
BOT5.034	Gana	0.000575 0.001202 0.002786 0.002530 0.813335 0.004108 0.000010 0.175455
BOT6.259	Gana	0.000010 0.000010 0.000010 0.001366 0.760332 0.018868 0.000010 0.219393
BOT6.258	Gana	0.000010 0.000010 0.000010 0.000010 0.677446 0.013563 0.007113 0.301838
BOT6.264	Gana	0.000010 0.000010 0.000617 0.000010 0.630557 0.014407 0.000010 0.354379
BOT5.018	Gana	0.000010 0.000010 0.000010 0.000010 0.609862 0.000010 0.000010 0.390078
BOT5.026	Gana	0.002914 0.000010 0.000010 0.000010 0.574841 0.000010 0.000010 0.422195
BOT5.033	Gana	0.000010 0.000010 0.000010 0.000010 0.553470 0.000010 0.000010 0.446470
BOT5.036	Gana	0.000010 0.000010 0.000010 0.000010 0.535943 0.000010 0.000010 0.463997
BOT6.292	Tshwa	0.000012 0.000010 0.002316 0.000010 0.716054 0.010227 0.000010 0.271361
BOT6.278	Tshwa	0.000010 0.000010 0.000307 0.000010 0.585245 0.006019 0.000010 0.408388
BOT6.279	Tshwa	0.000010 0.006211 0.000010 0.001219 0.580966 0.006253 0.000010 0.405321
BOT6.274	Tshwa	0.000010 0.002087 0.000010 0.000010 0.572401 0.019121 0.001325 0.405036
BOT6.280	Tshwa	0.000010 0.002046 0.002123 0.000010 0.567087 0.007437 0.000010 0.421278
HGDP00986	Biaka	0.000010 0.000010 0.000010 0.000010 0.290892 0.000010 0.000010 0.709048
HGDP00475	Biaka	0.000010 0.000010 0.000010 0.000010 0.301144 0.000010 0.000010 0.698796
HGDP00460	Biaka	0.000010 0.000010 0.000010 0.000010 0.301413 0.000010 0.000010 0.698527
HGDP00459	Biaka	0.000010 0.000010 0.000010 0.000010 0.307528 0.000010 0.000010 0.692412
HGDP00472	Biaka	0.000010 0.000010 0.000010 0.000010 0.305726 0.000010 0.003295 0.690929
HGDP00457	Biaka	0.000010 0.000010 0.000010 0.000010 0.309973 0.000010 0.000010 0.689967
HGDP00454	Biaka	0.000010 0.000010 0.000010 0.000010 0.312474 0.000010 0.000010 0.687466
HGDP00473	Biaka	0.000010 0.000010 0.000010 0.000010 0.315934 0.000010 0.000010 0.684006
HGDP00469	Biaka	0.000010 0.000010 0.000010 0.000010 0.316869 0.000010 0.000010 0.683071
HGDP00985	Biaka	0.000010 0.000010 0.000010 0.000010 0.317227 0.000010 0.000010 0.682713
HGDP00470	Biaka	0.000010 0.000010 0.000010 0.000010 0.320274 0.000010 0.000010 0.679666
HGDP01090	Biaka	0.000010 0.000010 0.000010 0.000010 0.321518 0.000010 0.000010 0.678422
HGDP01086	Biaka	0.000010 0.005448 0.001558 0.000010 0.315045 0.000010 0.000560 0.677358
HGDP01094	Biaka	0.000010 0.000010 0.000010 0.000010 0.324064 0.000010 0.000010 0.675876
HGDP00465	Biaka	0.000010 0.000010 0.000010 0.000010 0.325378 0.000010 0.000010 0.674562
HGDP00466	Biaka	0.000010 0.001893 0.000010 0.000010 0.325403 0.000010 0.000010 0.672654
HGDP00464	Biaka	0.000010 0.000010 0.000010 0.000010 0.328288 0.000010 0.000010 0.671652
HGDP00455	Biaka	0.000010 0.000010 0.000010 0.000010 0.329617 0.000010 0.000010 0.670323
HGDP00458	Biaka	0.000010 0.000010 0.000010 0.000010 0.333735 0.000010 0.000010 0.666205
HGDP00461	Biaka	0.000010 0.000010 0.000010 0.000010 0.337933 0.000010 0.000010 0.662007
NAM115	Xuun	0.000010 0.000010 0.000010 0.000010 0.838194 0.014158 0.001207 0.146401
NAM129	Xuun	0.009965 0.000010 0.001995 0.000010 0.833011 0.005631 0.000783 0.148596
NAM119	Xuun	0.000010 0.004678 0.002048 0.005605 0.832140 0.005008 0.000010 0.150501
NAM361	Xuun	0.000010 0.000010 0.000010 0.000010 0.806907 0.005464 0.006143 0.181446
NAM188	Xuun	0.000010 0.000010 0.000010 0.000010 0.790511 0.000010 0.000010 0.209429
NAM191	Xuun	0.000010 0.003330 0.003319 0.000010 0.790082 0.000010 0.000010 0.203228
NAM107	Xuun	0.004373 0.000010 0.000010 0.004717 0.779508 0.000010 0.000010 0.211361
NAM201	Xuun	0.000010 0.000010 0.000010 0.003972 0.779045 0.014922 0.000010 0.202021
NAM109	Xuun	0.000010 0.002781 0.000010 0.000010 0.752958 0.013384 0.001582 0.229265
