Egypt9	Egyptian	0.100000 0.000010 0.000010 0.000010 0.001122 0.747717 0.000010 0.151121
Egypt12	Egyptian	0.056715 0.000010 0.000010 0.000010 0.000946 0.738507 0.021808 0.181993
Egypt10	Egyptian	0.076476 0.005951 0.000010 0.000010 0.002865 0.734851 0.000795 0.179042
Egypt7AQ172	Egyptian	0.105801 0.000010 0.000010 0.000010 0.000010 0.733975 0.004364 0.155820
Egypt17AQ176	Egyptian	0.069052 0.014472 0.000010 0.000010 0.000010 0.729971 0.017232 0.169243
Egypt3AQ172	Egyptian	0.095080 0.011064 0.000010 0.000010 0.000010 0.729473 0.011414 0.152938
Egypt12AQ172	Egyptian	0.083350 0.012918 0.000010 0.000010 0.000010 0.727856 0.007827 0.168019
Egypt9AQ172	Egyptian	0.082871 0.004748 0.000010 0.000010 0.000010 0.724769 0.008763 0.178819
Egypt7	Egyptian	0.084924 0.009069 0.000010 0.000010 0.000010 0.723400 0.018901 0.163675
Egypt1AQ172	Egyptian	0.093698 0.000010 0.000010 0.000010 0.000010 0.721558 0.020130 0.164574
Egypt15AQ172	Egyptian	0.080277 0.005095 0.000010 0.000010 0.000010 0.719026 0.025006 0.170566
Egypt3	Egyptian	0.072722 0.000010 0.000010 0.000010 0.000010 0.717806 0.018559 0.190872
Egypt8AT113	Egyptian	0.086631 0.000010 0.000010 0.000010 0.000010 0.707283 0.011604 0.194442
Egypt22TD21	Egyptian	0.107513 0.009744 0.000010 0.000010 0.000010 0.705199 0.006716 0.170798
Egypt5AQ172	Egyptian	0.118334 0.009648 0.000010 0.000010 0.000010 0.705130 0.012805 0.154053
Egypt9AQ177	Egyptian	0.077964 0.011119 0.000010 0.000010 0.000010 0.699604 0.016918 0.194365
Egypt11	Egyptian	0.083982 0.000010 0.001351 0.010956 0.005095 0.699408 0.010050 0.189147
Egypt1	Egyptian	0.090162 0.000659 0.000010 0.000010 0.000010 0.679235 0.017629 0.212285
MoroccanJew4692	Moroccan_Jew	0.074147 0.000010 0.000010 0.000010 0.000010 0.852694 0.020410 0.052709
MoroccanJew5126	Moroccan_Jew	0.068108 0.004015 0.011865 0.000010 0.000010 0.847399 0.017139 0.051454
MoroccanJew4683	Moroccan_Jew	0.116007 0.000010 0.000010 0.000010 0.000010 0.842447 0.002177 0.039329
MoroccanJew4634	Moroccan_Jew	0.096092 0.000010 0.000010 0.010277 0.003269 0.831014 0.006011 0.053317
MoroccanJew4789	Moroccan_Jew	0.086909 0.000010 0.000010 0.000010 0.000278 0.829581 0.029218 0.053983
MoroccanJew5168	Moroccan_Jew	0.089495 0.003939 0.004516 0.001137 0.000010 0.829571 0.021033 0.050299
Tunisian20C4	Tunisian	0.000010 0.015231 0.000010 0.000010 0.000010 0.750189 0.018322 0.216218
Tunisian20A5	Tunisian	0.006924 0.004410 0.000010 0.000010 0.000010 0.726560 0.020842 0.241235
Tunisian20F4	Tunisian	0.015133 0.005921 0.000010 0.000010 0.008006 0.722514 0.038973 0.209433
Tunisian200000	Tunisian	0.021332 0.000015 0.000010 0.000010 0.000010 0.722344 0.031519 0.224759
Tunisian20C1	Tunisian	0.042217 0.003261 0.000010 0.000010 0.000010 0.717021 0.021592 0.215878
Tunisian20D4	Tunisian	0.008519 0.015846 0.005608 0.000010 0.000010 0.715680 0.008704 0.245623
Tunisian20B4	Tunisian	0.058424 0.000066 0.000010 0.000249 0.000010 0.714681 0.020094 0.206466
Tunisian20D1	Tunisian	0.027912 0.012221 0.000010 0.000010 0.000010 0.696275 0.022796 0.240766
TunisianJew1531	Tunisian_Jew	0.078729 0.007127 0.000010 0.000010 0.000010 0.864295 0.000010 0.049808
TunisianJew1763	Tunisian_Jew	0.060304 0.000043 0.000010 0.000010 0.000010 0.862231 0.017176 0.060215
TunisianJew1170	Tunisian_Jew	0.106129 0.000010 0.000010 0.000013 0.003861 0.841189 0.000010 0.048778
TunisianJew1421	Tunisian_Jew	0.088989 0.003845 0.007993 0.000010 0.000010 0.836879 0.000010 0.062264
TunisianJew1544	Tunisian_Jew	0.100091 0.000010 0.000010 0.000012 0.000010 0.836456 0.011900 0.051512
TunisianJew1507	Tunisian_Jew	0.093220 0.005467 0.000010 0.000010 0.000010 0.831813 0.000010 0.069460
TunisianJew1511	Tunisian_Jew	0.102296 0.002215 0.000010 0.000861 0.000010 0.820526 0.018185 0.055896
LibyanJew1611	Libyan_Jew	0.081065 0.005546 0.001368 0.000010 0.009620 0.844074 0.013091 0.045226
LibyanJew1601	Libyan_Jew	0.079416 0.000010 0.000010 0.000010 0.000010 0.840962 0.020261 0.059321
LibyanJew1438	Libyan_Jew	0.089889 0.000010 0.000010 0.000010 0.007864 0.835585 0.007388 0.059244
LibyanJew1462	Libyan_Jew	0.102838 0.000010 0.000010 0.000010 0.000010 0.826023 0.011745 0.059355
LibyanJew1659	Libyan_Jew	0.092034 0.000010 0.000010 0.000935 0.003609 0.822805 0.006231 0.074366
LibyanJew1605	Libyan_Jew	0.082529 0.011123 0.009023 0.000010 0.000010 0.821716 0.000010 0.075578
LibyanJew1104	Libyan_Jew	0.119326 0.003826 0.000010 0.000010 0.005575 0.821518 0.006858 0.042877
LibyanJew1639	Libyan_Jew	0.111356 0.000084 0.000010 0.000010 0.000010 0.819737 0.011420 0.057373
LibyanJew1263	Libyan_Jew	0.107275 0.005010 0.000010 0.000010 0.000010 0.812318 0.000010 0.075357
HGDP01263	Mozabite	0.000010 0.003176 0.000010 0.000010 0.000010 0.772358 0.014566 0.209861
HGDP01278	Mozabite	0.000010 0.005267 0.000010 0.000012 0.000010 0.745823 0.025182 0.223687
HGDP01282	Mozabite	0.000013 0.011348 0.000010 0.000010 0.000010 0.743924 0.017648 0.227038
HGDP01275	Mozabite	0.000010 0.000010 0.000010 0.000010 0.000451 0.742334 0.020633 0.236542
HGDP01253	Mozabite	0.000010 0.000010 0.000010 0.000010 0.000010 0.741684 0.010778 0.247487
HGDP01255	Mozabite	0.000010 0.010361 0.000010 0.000010 0.000010 0.739035 0.023432 0.227132
HGDP01280	Mozabite	0.000010 0.001021 0.000010 0.008956 0.000010 0.736446 0.000010 0.253537
HGDP01264	Mozabite	0.000010 0.002904 0.000010 0.000010 0.000010 0.736229 0.016739 0.244089
HGDP01258	Mozabite	0.000010 0.005040 0.000010 0.000010 0.000010 0.735988 0.016503 0.242429
HGDP01254	Mozabite	0.000010 0.007834 0.000010 0.004227 0.000010 0.732287 0.031768 0.223854
HGDP01268	Mozabite	0.000010 0.015704 0.000010 0.000010 0.000010 0.729117 0.011896 0.243242
HGDP01265	Mozabite	0.000010 0.007476 0.001290 0.000010 0.000010 0.728554 0.011524 0.251127
HGDP01272	Mozabite	0.000010 0.000010 0.000010 0.000010 0.000010 0.727872 0.029806 0.242273
HGDP01277	Mozabite	0.000010 0.002870 0.000010 0.000010 0.000010 0.724435 0.030060 0.242595
HGDP01279	Mozabite	0.000010 0.011681 0.000010 0.000010 0.000010 0.720872 0.014419 0.252988
HGDP01276	Mozabite	0.000010 0.008930 0.000010 0.000010 0.000010 0.718584 0.006758 0.265688
HGDP01256	Mozabite	0.000012 0.000010 0.000010 0.000010 0.000010 0.712041 0.015418 0.272489
HGDP01262	Mozabite	0.000010 0.013642 0.000010 0.000010 0.000440 0.711041 0.017449 0.257398
HGDP01257	Mozabite	0.000010 0.000010 0.000010 0.000010 0.000010 0.709840 0.000587 0.289523
HGDP01259	Mozabite	0.000010 0.015881 0.000010 0.000010 0.000010 0.689869 0.022398 0.271812
HGDP01274	Mozabite	0.000010 0.017238 0.000010 0.008063 0.000010 0.658455 0.000010 0.316204
Algerian43A34	Algerian	0.000010 0.004364 0.000010 0.000010 0.000010 0.758856 0.027991 0.208749
Algerian43A13	Algerian	0.000010 0.007094 0.000010 0.009771 0.000010 0.729145 0.007006 0.246953
Algerian43A23	Algerian	0.000010 0.027329 0.000010 0.000010 0.000010 0.712191 0.011778 0.248663
Algerian43A24	Algerian	0.000010 0.017782 0.000010 0.000361 0.000010 0.709560 0.012576 0.259691
Algerian43A21	Algerian	0.028712 0.008123 0.000010 0.000010 0.000029 0.690817 0.023709 0.248589
Algerian43A32	Algerian	0.000010 0.003862 0.000010 0.000010 0.000010 0.690315 0.058691 0.247092
Algerian43A22	Algerian	0.000010 0.009729 0.000010 0.000010 0.000010 0.689159 0.039762 0.261310
SAH18	Saharawi	0.000010 0.006709 0.000010 0.000010 0.000010 0.709586 0.014501 0.269164
SAH24	Saharawi	0.000010 0.007067 0.000010 0.000010 0.000010 0.697354 0.025373 0.270166
SAH27	Saharawi	0.000010 0.000010 0.000010 0.000010 0.000010 0.694780 0.009689 0.295481
SAH21	Saharawi	0.000017 0.007012 0.000010 0.006150 0.000010 0.694778 0.010787 0.281235
SAH9	Saharawi	0.000010 0.005305 0.000010 0.000010 0.000010 0.691103 0.018559 0.284993
SAH34	Saharawi	0.000010 0.000010 0.000010 0.004924 0.000010 0.682191 0.005682 0.307163
EthiopianJew1818	Ethiopian_Jew	0.029553 0.019452 0.000010 0.000010 0.023115 0.493736 0.000010 0.434114
EthiopianJew1831	Ethiopian_Jew	0.026859 0.003303 0.000010 0.000010 0.007306 0.482591 0.018933 0.460989
EthiopianJew1804	Ethiopian_Jew	0.029169 0.010759 0.000010 0.000010 0.022702 0.478664 0.009985 0.448702
EthiopianJew1574	Ethiopian_Jew	0.020198 0.000010 0.000010 0.000010 0.020576 0.475703 0.023938 0.459555
EthiopianJew1822	Ethiopian_Jew	0.051467 0.004775 0.000010 0.000010 0.024121 0.464437 0.019812 0.435368
EthiopianJew4690	Ethiopian_Jew	0.045945 0.001740 0.000010 0.000010 0.032762 0.463215 0.014308 0.442011
EthiopianJew1570	Ethiopian_Jew	0.037769 0.000010 0.000010 0.000010 0.035656 0.451382 0.035566 0.439598
ADR20107	Oromo	0.000010 0.006325 0.000010 0.000010 0.048371 0.367878 0.024038 0.553358
ADR20112	Oromo	0.035620 0.002354 0.000010 0.000010 0.044594 0.356919 0.017779 0.542714
ADR20106	Oromo	0.043402 0.011080 0.000010 0.000010 0.031746 0.372715 0.005336 0.535701
ADR20109	Oromo	0.014265 0.005537 0.000010 0.000010 0.065389 0.372609 0.018666 0.523513
Ayodo_41S	Somali	0.000015 0.009797 0.000010 0.000010 0.033155 0.356453 0.026293 0.574266
Ayodo_35S	Somali	0.014934 0.002221 0.000010 0.000010 0.031557 0.357502 0.019977 0.573788
Ayodo_5S	Somali	0.019981 0.006200 0.000010 0.000010 0.026006 0.375619 0.000010 0.572164
Ayodo_81S	Somali	0.000638 0.018366 0.000010 0.009498 0.018912 0.387123 0.000010 0.565443
Ayodo_21S	Somali	0.000010 0.000010 0.000010 0.000010 0.032436 0.375029 0.031340 0.561155
Ayodo_69S	Somali	0.001768 0.011466 0.005010 0.000010 0.036271 0.362284 0.027465 0.555726
Ayodo_52S	Somali	0.030611 0.000010 0.000010 0.000010 0.038818 0.361951 0.013455 0.555136
Ayodo_34S	Somali	0.029781 0.011941 0.000010 0.000010 0.015953 0.366903 0.021175 0.554228
Ayodo_40S	Somali	0.000010 0.003876 0.000010 0.000010 0.022082 0.392327 0.034378 0.547307
Ayodo_61S	Somali	0.012132 0.006136 0.000010 0.000010 0.041892 0.373242 0.021659 0.544919
Ayodo_23S	Somali	0.021980 0.025882 0.000010 0.000010 0.020164 0.365845 0.021635 0.544474
Ayodo_90S	Somali	0.019057 0.012345 0.000010 0.000010 0.030496 0.381983 0.017505 0.538595
Ayodo_43S	Somali	0.019787 0.017061 0.000010 0.000010 0.028513 0.395186 0.021939 0.517494
GOR063	Datog	0.000010 0.008151 0.000010 0.000010 0.056309 0.282239 0.033891 0.619380
GOR067	Datog	0.015733 0.000010 0.000010 0.000010 0.069306 0.289623 0.006413 0.618895
GOR049	Datog	0.000010 0.003387 0.004359 0.000010 0.079620 0.270321 0.038810 0.603483
Ayodo_103M	Masai	0.005526 0.002186 0.000010 0.000010 0.049451 0.196090 0.016333 0.730394
NA21487	Masai	0.031839 0.013458 0.000010 0.000010 0.044733 0.190676 0.004424 0.714851
Ayodo_101M	Masai	0.026196 0.012699 0.000010 0.000010 0.051220 0.191905 0.003385 0.714575
NA21490	Masai	0.028050 0.011452 0.000010 0.000010 0.044214 0.195526 0.008964 0.711774
NA21581	Masai	0.006855 0.012499 0.000010 0.003554 0.050502 0.224843 0.000010 0.701727
NA21477	Masai	0.013372 0.000010 0.000010 0.000010 0.060423 0.205722 0.019364 0.701089
NA21310	Masai	0.017767 0.005065 0.000010 0.000010 0.036984 0.217345 0.027155 0.695664
NA21648	Masai	0.023142 0.003368 0.000010 0.000010 0.058417 0.210910 0.010350 0.693793
NA21425	Masai	0.010399 0.002652 0.000010 0.000010 0.053769 0.243877 0.017862 0.671421
NA21366	Masai	0.027310 0.010723 0.000010 0.000010 0.049720 0.217649 0.024289 0.670288
NA21302	Masai	0.027070 0.000010 0.002282 0.000010 0.062065 0.245211 0.010773 0.652578
NA21514	Masai	0.051772 0.004006 0.000010 0.000010 0.053912 0.234115 0.009682 0.646493
Ayodo_47K	Kikuyu	0.012584 0.003785 0.000440 0.000010 0.045658 0.133938 0.007438 0.796147
Ayodo_67K	Kikuyu	0.000010 0.000010 0.000010 0.000010 0.060537 0.143884 0.012132 0.783407
Ayodo_61K	Kikuyu	0.002552 0.001340 0.000010 0.010277 0.051930 0.148432 0.002267 0.783192
Ayodo_83K	Kikuyu	0.000010 0.002967 0.000010 0.000010 0.050680 0.186807 0.002491 0.757025
Sandawe021	Sandawe	0.020530 0.000010 0.000010 0.000010 0.124649 0.143302 0.000010 0.711479
Sandawe001	Sandawe	0.008172 0.006377 0.005472 0.000010 0.134592 0.162456 0.005982 0.676939
Sandawe023	Sandawe	0.030665 0.006520 0.000010 0.000010 0.127871 0.151862 0.011132 0.671930
Sandawe019	Sandawe	0.014894 0.004913 0.000010 0.000010 0.123345 0.185050 0.007399 0.664379
Sandawe022	Sandawe	0.016106 0.012160 0.000010 0.006332 0.128659 0.158964 0.018879 0.658888
Sandawe005	Sandawe	0.004520 0.005227 0.000010 0.001056 0.155762 0.157522 0.023038 0.652865
Sandawe007	Sandawe	0.009104 0.005053 0.010681 0.003169 0.140604 0.171439 0.007479 0.652470
Sandawe013	Sandawe	0.004549 0.003986 0.001584 0.000010 0.139235 0.177892 0.021824 0.650920
Sandawe012	Sandawe	0.007365 0.000241 0.000010 0.000010 0.141300 0.167950 0.034965 0.648159
Sandawe003	Sandawe	0.021063 0.003019 0.000010 0.000010 0.143342 0.177947 0.009265 0.645344
Sandawe009	Sandawe	0.015772 0.000010 0.000010 0.000010 0.155981 0.166986 0.017264 0.643967
Sandawe024	Sandawe	0.005632 0.008841 0.007357 0.000010 0.147673 0.168633 0.018055 0.643798
Sandawe016	Sandawe	0.016646 0.008461 0.000010 0.000806 0.146299 0.178622 0.007224 0.641932
Sandawe002	Sandawe	0.009752 0.000010 0.003266 0.010515 0.166594 0.164119 0.005310 0.640434
Sandawe011	Sandawe	0.000010 0.009322 0.000010 0.005209 0.164998 0.184327 0.000010 0.636114
Sandawe025	Sandawe	0.028676 0.006167 0.000010 0.007625 0.153299 0.161386 0.009433 0.633404
Sandawe020	Sandawe	0.000010 0.008140 0.000010 0.000010 0.165567 0.172950 0.020566 0.632747
Sandawe014	Sandawe	0.003419 0.014827 0.000010 0.000010 0.153333 0.183269 0.013224 0.631907
Sandawe027	Sandawe	0.000010 0.013763 0.008393 0.000010 0.162370 0.183649 0.000010 0.631795
Sandawe008	Sandawe	0.023976 0.000010 0.000010 0.000010 0.156505 0.172263 0.018282 0.628944
Sandawe018	Sandawe	0.002991 0.019240 0.000010 0.000010 0.169742 0.172988 0.017751 0.617268
Sandawe006	Sandawe	0.005729 0.012619 0.000010 0.000010 0.159280 0.200311 0.005384 0.616656
AD_505	AA	0.011072 0.000010 0.005846 0.000010 0.002985 0.074238 0.000010 0.905830
AD_511	AA	0.001389 0.002796 0.001603 0.000010 0.000010 0.095848 0.000010 0.898333
AD_510	AA	0.004971 0.000012 0.014460 0.000010 0.000701 0.094885 0.000010 0.884950
AD_006	AA	0.001985 0.000010 0.013870 0.008315 0.022716 0.086506 0.000010 0.866587
AD_015	AA	0.008319 0.007973 0.008173 0.001746 0.029254 0.085269 0.000212 0.859054
AD_064	AA	0.000854 0.005416 0.008042 0.000010 0.025571 0.106238 0.000010 0.853859
AD_500	AA	0.000010 0.008726 0.026555 0.003839 0.031424 0.083450 0.000010 0.845987
AD_061	AA	0.011963 0.000010 0.019635 0.006955 0.014273 0.115596 0.000010 0.831558
AD_066	AA	0.010734 0.013184 0.007558 0.002258 0.027358 0.136368 0.000010 0.802529
AD_076	AA	0.000010 0.002900 0.021372 0.000010 0.016882 0.153826 0.010138 0.794861
AD_523	AA	0.025450 0.001750 0.011760 0.004680 0.043962 0.149262 0.000010 0.763127
AD_512	AA	0.055189 0.012478 0.013273 0.040306 0.012071 0.456223 0.000010 0.410450
NA19023	Luhya	0.000010 0.000010 0.006036 0.003197 0.040885 0.013625 0.000010 0.936226
NA19017	Luhya	0.000010 0.001327 0.000010 0.000010 0.043061 0.017312 0.002363 0.935908
NA19024	Luhya	0.001048 0.000010 0.000010 0.000010 0.045797 0.024566 0.000010 0.928549
NA19026	Luhya	0.000044 0.003452 0.000010 0.000010 0.034740 0.039930 0.000010 0.921804
NA19019	Luhya	0.004061 0.003246 0.002440 0.000010 0.049040 0.018557 0.003849 0.918796
NA19044	Luhya	0.000010 0.006432 0.000010 0.000010 0.059382 0.026867 0.000010 0.907279
NA19020	Luhya	0.007472 0.002012 0.003364 0.000010 0.056084 0.034774 0.000010 0.896274
NA19027	Luhya	0.002871 0.010251 0.000010 0.006108 0.049836 0.038640 0.000010 0.892275
Ayodo_502C	Luo	0.000010 0.004724 0.000010 0.000010 0.027872 0.014606 0.012715 0.940052
Ayodo_458C	Luo	0.013159 0.004404 0.003883 0.000010 0.041183 0.011491 0.000010 0.925861
Ayodo_438C	Luo	0.017599 0.000010 0.000010 0.000010 0.044277 0.017123 0.000010 0.920961
Ayodo_430C	Luo	0.000010 0.008583 0.000010 0.002753 0.044341 0.013642 0.010494 0.920167
Ayodo_423C	Luo	0.000010 0.000011 0.005322 0.007082 0.047769 0.021224 0.000010 0.918572
Ayodo_460C	Luo	0.007457 0.000010 0.006450 0.005329 0.050348 0.016384 0.000697 0.913325
Ayodo_604C	Luo	0.009597 0.000010 0.000010 0.000010 0.057247 0.021024 0.000010 0.912092
Ayodo_412C	Luo	0.016285 0.005997 0.000010 0.000010 0.058924 0.009051 0.000010 0.909713
HGDP01419	BantuKenya	0.000012 0.000010 0.000010 0.000010 0.042005 0.013204 0.006785 0.937964
HGDP01417	BantuKenya	0.000010 0.000010 0.000010 0.000010 0.037436 0.025567 0.000010 0.936948
HGDP01408	BantuKenya	0.007236 0.003266 0.008137 0.000010 0.026121 0.020305 0.000010 0.934915
HGDP01405	BantuKenya	0.002078 0.000010 0.000010 0.000010 0.049550 0.017635 0.002337 0.928369
HGDP01414	BantuKenya	0.000010 0.002185 0.003124 0.000010 0.047995 0.010734 0.014186 0.921756
HGDP01418	BantuKenya	0.005931 0.002863 0.003811 0.001205 0.036224 0.015402 0.013196 0.921368
DNK03	Dinka	0.020590 0.008327 0.000010 0.000010 0.016987 0.005810 0.016488 0.931778
DNK05	Dinka	0.016624 0.006438 0.004172 0.000010 0.019477 0.003839 0.025121 0.924320
DNK07	Dinka	0.027319 0.004586 0.000010 0.000010 0.023886 0.014973 0.008499 0.920717
DNK06	Dinka	0.032432 0.000010 0.001587 0.000423 0.013618 0.027012 0.004551 0.920367
DNK09	Dinka	0.021156 0.000010 0.000010 0.008261 0.021998 0.020919 0.013581 0.914065
DNK11	Dinka	0.022270 0.006142 0.002462 0.000010 0.038573 0.012125 0.005046 0.913372
DNK15	Dinka	0.028427 0.000010 0.009905 0.000010 0.035009 0.013726 0.010031 0.902883
HG02570	Gambian	0.000010 0.001169 0.002896 0.000010 0.020793 0.004718 0.000010 0.970394
HG02464	Gambian	0.000010 0.000010 0.000010 0.001565 0.027444 0.000010 0.001590 0.969360
HG02571	Gambian	0.000701 0.000010 0.000010 0.000010 0.015634 0.014428 0.000010 0.969197
HG02465	Gambian	0.000010 0.001461 0.000010 0.000010 0.031181 0.009214 0.000010 0.958104
HG02573	Gambian	0.000010 0.009269 0.000010 0.000010 0.015914 0.018530 0.000010 0.956247
HG02574	Gambian	0.000010 0.004720 0.000010 0.000010 0.000324 0.043079 0.000010 0.951836
HGDP01028	BantuSA	0.000777 0.000889 0.000010 0.003660 0.071527 0.000649 0.000010 0.922477
HGDP01031	BantuSA	0.000010 0.000010 0.005140 0.000010 0.075576 0.007157 0.001743 0.910354
HGDP01035	BantuSA	0.000010 0.000010 0.000010 0.000010 0.100180 0.000010 0.000010 0.899760
HGDP01033	BantuSA	0.003170 0.000010 0.000010 0.000010 0.160884 0.000010 0.001712 0.834194
HGDP01034	BantuSA	0.000010 0.000015 0.000010 0.000010 0.223079 0.002521 0.000010 0.774345
HGDP00994	BantuSA	0.000010 0.000010 0.000010 0.000010 0.239805 0.000010 0.000010 0.760135
HGDP00993	BantuSA	0.003272 0.000010 0.000668 0.000010 0.248321 0.000010 0.000010 0.747700
HGDP01030	BantuSA	0.000010 0.000010 0.000010 0.000010 0.344814 0.000010 0.000010 0.655126
HG03078	Mende	0.000010 0.000010 0.007949 0.000010 0.025381 0.000010 0.000010 0.966620
HG03057	Mende	0.000010 0.000684 0.000010 0.000010 0.036722 0.000010 0.000010 0.962544
HG03076	Mende	0.005571 0.000010 0.002840 0.000010 0.038207 0.000010 0.000010 0.953342
HG03097	Mende	0.000010 0.000010 0.000010 0.000010 0.048883 0.000010 0.000010 0.951057
HG03085	Mende	0.000010 0.000010 0.000010 0.000285 0.051549 0.000010 0.000561 0.947565
HG03052	Mende	0.000010 0.000230 0.000010 0.000010 0.059172 0.000010 0.000010 0.940548
HG03069	Mende	0.004083 0.000010 0.000010 0.000010 0.056508 0.000010 0.000010 0.939359
HG03072	Mende	0.007535 0.000010 0.000010 0.000010 0.058325 0.000010 0.000010 0.934090
HGDP00907	Mandenka	0.000010 0.000382 0.001510 0.000010 0.000010 0.010124 0.000010 0.987945
HGDP01286	Mandenka	0.000010 0.000010 0.000010 0.000010 0.000010 0.013323 0.000010 0.986617
HGDP01199	Mandenka	0.000010 0.000010 0.000010 0.000010 0.005099 0.005786 0.003636 0.985440
HGDP00904	Mandenka	0.000010 0.004512 0.006305 0.000010 0.006304 0.000010 0.000010 0.982839
HGDP01202	Mandenka	0.010384 0.000010 0.001521 0.000010 0.001156 0.003176 0.001406 0.982337
HGDP00912	Mandenka	0.008294 0.000010 0.000010 0.000010 0.007117 0.000010 0.003620 0.980929
HGDP00913	Mandenka	0.000010 0.000010 0.000010 0.000010 0.016916 0.004188 0.000010 0.978846
HGDP00915	Mandenka	0.000010 0.000011 0.000010 0.001047 0.000010 0.021560 0.000010 0.977343
HGDP01284	Mandenka	0.009752 0.000010 0.000010 0.003818 0.010682 0.000010 0.000010 0.975709
HGDP00909	Mandenka	0.000010 0.000010 0.000010 0.000010 0.018762 0.009337 0.000010 0.971851
HGDP00908	Mandenka	0.005828 0.000010 0.005126 0.000010 0.012255 0.004975 0.000587 0.971209
HGDP00905	Mandenka	0.009683 0.002350 0.000010 0.006122 0.013345 0.000010 0.000010 0.968470
HGDP00910	Mandenka	0.000011 0.000010 0.000010 0.004086 0.013990 0.013766 0.000010 0.968118
HGDP01283	Mandenka	0.000010 0.000010 0.001715 0.000010 0.013802 0.017674 0.000010 0.966769
HGDP00906	Mandenka	0.000010 0.000010 0.003301 0.000010 0.012843 0.015222 0.002823 0.965781
HGDP00917	Mandenka	0.000010 0.000010 0.002667 0.000010 0.006062 0.023071 0.002566 0.965605
HGDP01200	Mandenka	0.000010 0.000010 0.000010 0.007341 0.022376 0.007703 0.000010 0.962540
NAM088	Wambo	0.000010 0.000010 0.000010 0.000010 0.047878 0.000010 0.000010 0.952062
NAM434	Wambo	0.000010 0.000010 0.000010 0.000010 0.057080 0.000010 0.000010 0.942860
NAM436	Wambo	0.000010 0.000010 0.000010 0.000010 0.058742 0.000010 0.000010 0.941198
NAM453	Wambo	0.000010 0.000010 0.000010 0.000010 0.060785 0.000010 0.000010 0.939155
NAM331	Wambo	0.000010 0.000010 0.000010 0.000010 0.061923 0.000010 0.000010 0.938017
HG02923	Esan	0.000010 0.000010 0.000010 0.000010 0.000010 0.000010 0.000010 0.999930
HG03099	Esan	0.000010 0.000010 0.000010 0.000010 0.000010 0.000010 0.000010 0.999930
HG03108	Esan	0.000010 0.000010 0.000010 0.000010 0.000010 0.000010 0.000010 0.999930
HG03100	Esan	0.000010 0.000010 0.000010 0.000010 0.001762 0.000010 0.000010 0.998178
HG02943	Esan	0.000010 0.001004 0.000010 0.000010 0.010000 0.000010 0.000010 0.988946
HG02974	Esan	0.000010 0.000010 0.000010 0.000010 0.014677 0.000010 0.000010 0.985263
HG02922	Esan	0.000010 0.000010 0.000010 0.000010 0.016555 0.000010 0.000010 0.983385
HG03109	Esan	0.000010 0.000010 0.000010 0.000010 0.022259 0.000010 0.000010 0.977681
HGDP00925	Yoruba	0.000010 0.000010 0.000010 0.000010 0.000010 0.000010 0.000010 0.999930
HGDP00928	Yoruba	0.000010 0.000010 0.000010 0.000010 0.000010 0.000010 0.000010 0.999930
HGDP00933	Yoruba	0.000010 0.000010 0.000010 0.000010 0.000010 0.000010 0.000010 0.999930
HGDP00934	Yoruba	0.000010 0.000010 0.000010 0.000010 0.000010 0.000010 0.000010 0.999930
HGDP00935	Yoruba	0.000010 0.000010 0.000010 0.000010 0.000010 0.000010 0.000010 0.999930
HGDP00936	Yoruba	0.000010 0.000010 0.000010 0.000010 0.000010 0.000010 0.000010 0.999930
HGDP00941	Yoruba	0.000010 0.000010 0.000010 0.000010 0.000010 0.000010 0.000010 0.999930
NA18852	Yoruba	0.000010 0.000010 0.000010 0.000010 0.000010 0.000010 0.000010 0.999930
NA18856	Yoruba	0.000010 0.000010 0.000010 0.000010 0.000010 0.000010 0.000010 0.999930
NA18862	Yoruba	0.000010 0.000010 0.000010 0.000010 0.000010 0.000010 0.000010 0.999930
NA19130	Yoruba	0.000010 0.000010 0.000010 0.000010 0.000010 0.000010 0.000010 0.999930
NA19203	Yoruba	0.000010 0.000010 0.000010 0.000010 0.000010 0.000010 0.000010 0.999930
NA18504	Yoruba	0.000010 0.000010 0.000010 0.000010 0.000173 0.000010 0.000010 0.999767
HGDP00929	Yoruba	0.000010 0.000010 0.000010 0.000010 0.000411 0.000010 0.000010 0.999529
NA19160	Yoruba	0.000010 0.000010 0.000010 0.000679 0.000010 0.000010 0.000010 0.999261
NA19201	Yoruba	0.000010 0.000865 0.000010 0.000010 0.000010 0.000010 0.000010 0.999075
NA19143	Yoruba	0.000010 0.001048 0.000010 0.000010 0.000106 0.000010 0.000010 0.998795
HGDP00937	Yoruba	0.000010 0.000010 0.000010 0.000010 0.001467 0.000010 0.000010 0.998473
NA19137	Yoruba	0.000010 0.000010 0.000010 0.000010 0.002033 0.000010 0.000010 0.997907
NA19099	Yoruba	0.000010 0.000010 0.000010 0.000010 0.002664 0.000010 0.000010 0.997276
NA19207	Yoruba	0.000010 0.001375 0.000010 0.000010 0.001362 0.000010 0.000010 0.997213
NA18870	Yoruba	0.000010 0.000010 0.000010 0.000010 0.003228 0.000010 0.000010 0.996712
HGDP00943	Yoruba	0.000010 0.000010 0.000010 0.000010 0.003254 0.000010 0.000010 0.996686
NA19204	Yoruba	0.000010 0.000010 0.000010 0.000010 0.003628 0.000010 0.000010 0.996312
HGDP00931	Yoruba	0.000010 0.000010 0.000010 0.001558 0.002145 0.000010 0.000010 0.996247
NA18871	Yoruba	0.000010 0.000010 0.000010 0.000010 0.003804 0.000010 0.000010 0.996136
HGDP00939	Yoruba	0.000010 0.000729 0.004221 0.000010 0.000010 0.000010 0.000010 0.995000
HGDP00920	Yoruba	0.000010 0.000010 0.000010 0.000010 0.005414 0.000010 0.000010 0.994526
HGDP00944	Yoruba	0.000010 0.000010 0.000010 0.000010 0.005631 0.000010 0.000010 0.994309
NA19127	Yoruba	0.000010 0.000010 0.000010 0.000010 0.005868 0.000010 0.000010 0.994072
NA19119	Yoruba	0.000010 0.000942 0.002398 0.003783 0.000010 0.000010 0.000010 0.992837
HGDP00940	Yoruba	0.000010 0.000010 0.000010 0.000010 0.007256 0.000010 0.000010 0.992684
NA19128	Yoruba	0.000010 0.004442 0.000010 0.000010 0.002827 0.000010 0.000010 0.992681
NA19138	Yoruba	0.000010 0.000010 0.000010 0.000010 0.007384 0.000010 0.000010 0.992556
NA19098	Yoruba	0.000010 0.000018 0.007553 0.000010 0.000010 0.000010 0.000010 0.992379
HGDP00942	Yoruba	0.000010 0.000010 0.000010 0.000010 0.007883 0.000010 0.000010 0.992057
NA18858	Yoruba	0.000010 0.000010 0.000010 0.000010 0.008494 0.000010 0.000010 0.991446
NA19222	Yoruba	0.000010 0.000010 0.000010 0.000010 0.009067 0.000010 0.000010 0.990873
HGDP00926	Yoruba	0.000010 0.000010 0.000010 0.000010 0.009736 0.000010 0.000010 0.990204
NA18505	Yoruba	0.000010 0.000010 0.000010 0.000010 0.010178 0.000010 0.000010 0.989762
HGDP00932	Yoruba	0.000010 0.000010 0.000010 0.000010 0.010513 0.000010 0.000010 0.989427
NA19193	Yoruba	0.000010 0.000010 0.000010 0.000010 0.010547 0.000010 0.000010 0.989393
NA19116	Yoruba	0.000010 0.000010 0.000010 0.000010 0.011030 0.000010 0.000010 0.988910
NA18522	Yoruba	0.000010 0.000010 0.000010 0.000010 0.011146 0.000010 0.000010 0.988794
NA19101	Yoruba	0.000010 0.000010 0.000010 0.000010 0.011360 0.000010 0.000010 0.988580
NA19171	Yoruba	0.000010 0.003767 0.000010 0.000010 0.007697 0.000010 0.000010 0.988486
NA19206	Yoruba	0.000010 0.000010 0.000010 0.000010 0.011842 0.000010 0.000010 0.988098
NA19102	Yoruba	0.000010 0.000010 0.000010 0.003499 0.008748 0.000010 0.000010 0.987703
NA18516	Yoruba	0.000010 0.000010 0.000010 0.000010 0.012388 0.000010 0.000010 0.987552
NA18517	Yoruba	0.000010 0.000010 0.000010 0.000010 0.012667 0.000010 0.000010 0.987273
NA19159	Yoruba	0.000010 0.002699 0.000010 0.000010 0.010051 0.000010 0.000010 0.987200
NA19093	Yoruba	0.000010 0.000010 0.000010 0.000010 0.012997 0.000010 0.000010 0.986943
HGDP00924	Yoruba	0.000010 0.002454 0.000010 0.003508 0.007164 0.000010 0.000010 0.986833
NA18855	Yoruba	0.000010 0.000010 0.000010 0.000010 0.011532 0.001783 0.000010 0.986634
NA19209	Yoruba	0.000010 0.000010 0.000010 0.000010 0.013478 0.000010 0.000010 0.986462
HGDP00930	Yoruba	0.000012 0.000010 0.000010 0.003541 0.008564 0.000010 0.001491 0.986362
NA18853	Yoruba	0.000010 0.000010 0.000010 0.000010 0.014307 0.000010 0.000010 0.985633
NA19141	Yoruba	0.000010 0.001129 0.000010 0.000010 0.013720 0.000010 0.000010 0.985101
NA18508	Yoruba	0.000010 0.000010 0.001232 0.000010 0.013631 0.000010 0.000010 0.985087
NA19210	Yoruba	0.000010 0.000010 0.000010 0.000010 0.015085 0.000010 0.000010 0.984855
NA19223	Yoruba	0.000010 0.000010 0.000010 0.000010 0.015314 0.000010 0.000010 0.984626
NA18861	Yoruba	0.000010 0.000010 0.002130 0.000010 0.013727 0.000010 0.000010 0.984093
NA18501	Yoruba	0.000010 0.000010 0.000010 0.000010 0.015887 0.000010 0.000010 0.984053
NA19144	Yoruba	0.000010 0.000010 0.000010 0.000010 0.017128 0.000010 0.000010 0.982812
NA19239	Yoruba	0.000010 0.000010 0.000010 0.000010 0.017271 0.000010 0.000010 0.982669
NA18859	Yoruba	0.000010 0.005623 0.001431 0.000010 0.010176 0.000158 0.000010 0.982582
NA19131	Yoruba	0.000010 0.000010 0.000010 0.000010 0.017743 0.000010 0.000010 0.982197
NA19238	Yoruba	0.000010 0.000010 0.000012 0.000010 0.018273 0.000010 0.000010 0.981666
NA18507	Yoruba	0.000010 0.001349 0.002169 0.000010 0.015198 0.000010 0.000010 0.981244
HGDP00938	Yoruba	0.000010 0.000010 0.001823 0.000010 0.017633 0.000010 0.000010 0.980494
NAM172	Khwe	0.000010 0.003204 0.003245 0.000010 0.376936 0.023882 0.002013 0.590700
BOT6.160	Khwe	0.000010 0.000010 0.000010 0.000010 0.402463 0.023754 0.000010 0.573733
NAM175	Khwe	0.000010 0.000010 0.000010 0.000010 0.404182 0.029083 0.000010 0.566685
NAM167	Khwe	0.000010 0.000011 0.003912 0.000010 0.396977 0.033606 0.000116 0.565357
NAM179	Khwe	0.000010 0.007832 0.000010 0.003811 0.400540 0.025218 0.000010 0.562569
NAM376	Khwe	0.001191 0.000010 0.007620 0.000010 0.418337 0.024644 0.001171 0.547016
BOT6.158	Khwe	0.005017 0.004298 0.000010 0.000010 0.426455 0.018338 0.000010 0.545862
BOT6.154	Khwe	0.000793 0.000010 0.000010 0.000010 0.440133 0.027343 0.003092 0.528609
NAM321	Nama	0.000010 0.005631 0.000010 0.000010 0.861242 0.072629 0.000010 0.060458
NAM325	Nama	0.000010 0.002745 0.000010 0.000010 0.825242 0.067772 0.003284 0.100928
NAM317	Nama	0.005233 0.000544 0.000010 0.000010 0.814409 0.072533 0.000010 0.107251
NAM445	Nama	0.004840 0.000010 0.000010 0.016599 0.763189 0.114534 0.002423 0.098394
NAM326	Nama	0.013320 0.003301 0.000010 0.000010 0.743845 0.057737 0.000010 0.181768
NAM299	Nama	0.004289 0.001019 0.002871 0.000010 0.730576 0.128564 0.011595 0.121077
NAM429	Nama	0.000010 0.001954 0.000067 0.003802 0.704426 0.080407 0.000010 0.209325
NAM442	Nama	0.005698 0.005342 0.007634 0.003607 0.699920 0.176526 0.003181 0.098093
NAM444	Nama	0.010497 0.004488 0.000010 0.000010 0.697144 0.056345 0.002294 0.229212
NAM304	Nama	0.000010 0.008593 0.002624 0.017182 0.645993 0.222704 0.002951 0.099944
NAM412	Nama	0.000010 0.000010 0.000010 0.008237 0.639721 0.062134 0.002375 0.287502
NAM415	Nama	0.008531 0.003208 0.000010 0.004937 0.591123 0.131025 0.006090 0.255076
NAM308	Nama	0.013859 0.010211 0.005036 0.008041 0.586021 0.191936 0.014579 0.170317
NAM448	Nama	0.029206 0.000016 0.000010 0.010573 0.537267 0.232411 0.007624 0.182892
NAM427	Nama	0.010646 0.000010 0.000010 0.000010 0.480032 0.047261 0.019213 0.442818
NAM424	Nama	0.027372 0.004198 0.001975 0.004314 0.424833 0.051854 0.000010 0.485446
BOT6.208	Shua	0.000962 0.003717 0.004354 0.000010 0.288863 0.012335 0.000010 0.689749
BOT6.199	Shua	0.000010 0.000010 0.000010 0.000010 0.368541 0.050452 0.002076 0.578891
BOT6.196	Shua	0.001354 0.007639 0.000010 0.003986 0.378287 0.046924 0.000010 0.561790
BOT6.222	Shua	0.011206 0.005294 0.004940 0.000010 0.405986 0.017575 0.000010 0.554979
BOT6.233	Shua	0.000010 0.000011 0.000010 0.000010 0.423349 0.030063 0.000010 0.546537
BOT6.235	Shua	0.000010 0.000228 0.000010 0.004000 0.428462 0.044889 0.000010 0.522391
BOT6.245	Shua	0.004843 0.003869 0.000010 0.000144 0.433865 0.037083 0.000010 0.520177
BOT6.200	Shua	0.005696 0.006280 0.000010 0.008638 0.433832 0.029985 0.000010 0.515549
BOT6.252	Shua	0.001705 0.000700 0.000010 0.000010 0.480695 0.052630 0.000010 0.464239
BOT6.417	Tswana	0.000010 0.000010 0.000010 0.000010 0.159964 0.000010 0.000010 0.839976
BOT6.413	Tswana	0.000010 0.000010 0.000010 0.000010 0.204573 0.000010 0.000010 0.795367
BOT6.460	Tswana	0.000010 0.000010 0.000010 0.000010 0.272625 0.000010 0.000010 0.727315
BOT6.476	Tswana	0.000010 0.000010 0.000010 0.000010 0.316153 0.000010 0.000010 0.683787
BOT6.475	Tswana	0.000010 0.000012 0.000010 0.000010 0.354872 0.000010 0.000010 0.645066
NAM370	Haiom	0.003901 0.000010 0.000010 0.000010 0.672504 0.034753 0.000010 0.288802
NAM371	Haiom	0.017470 0.000010 0.000010 0.000010 0.611804 0.033129 0.000010 0.337557
NAM369	Haiom	0.002240 0.008788 0.000010 0.000010 0.589070 0.040308 0.000010 0.359564
NAM211	Haiom	0.000010 0.009349 0.000010 0.000010 0.522792 0.052849 0.003599 0.411380
NAM232	Haiom	0.003242 0.005771 0.000010 0.000010 0.505655 0.044445 0.000010 0.440857
NAM217	Haiom	0.000010 0.000010 0.000010 0.002743 0.499521 0.047472 0.002990 0.447244
NAM209	Haiom	0.000010 0.000042 0.001633 0.000010 0.485634 0.077059 0.007111 0.428500
NAM296	Himba	0.000010 0.000010 0.000010 0.000010 0.056857 0.000010 0.000010 0.943083
NAM294	Himba	0.000010 0.000010 0.000010 0.000010 0.074009 0.000010 0.000010 0.925931
NAM295	Himba	0.000010 0.000010 0.000010 0.000010 0.083211 0.000010 0.000010 0.916729
NAM401	Himba	0.000010 0.000010 0.000010 0.000010 0.089648 0.000010 0.000010 0.910292
NAM268	Damara	0.000010 0.000010 0.000010 0.000010 0.049888 0.000010 0.000010 0.950052
NAM410	Damara	0.000010 0.002781 0.000010 0.000010 0.047366 0.000010 0.000010 0.949803
NAM246	Damara	0.000010 0.000010 0.000010 0.000010 0.058640 0.000010 0.000010 0.941300
NAM267	Damara	0.000010 0.000010 0.000010 0.000010 0.060980 0.000010 0.000010 0.938960
NAM262	Damara	0.000010 0.000010 0.000010 0.000010 0.062974 0.000010 0.000010 0.936966
NAM259	Damara	0.000010 0.000010 0.000010 0.000010 0.064571 0.000010 0.000010 0.935369
NAM452	Damara	0.002528 0.001060 0.000010 0.000010 0.071246 0.000010 0.000010 0.925127
NAM245	Damara	0.000010 0.000010 0.000010 0.000010 0.077717 0.000010 0.000010 0.922223
NAM399	Damara	0.000010 0.004417 0.000010 0.000010 0.073524 0.000010 0.001601 0.920418
NAM284	Damara	0.000010 0.002268 0.000010 0.000010 0.102487 0.002474 0.000010 0.892731
NAM277	Damara	0.000010 0.000010 0.000010 0.000010 0.162296 0.001962 0.000010 0.835692
NAM395	Damara	0.000010 0.000010 0.000020 0.000010 0.147539 0.019758 0.005222 0.827431
KGA017	Kgalagadi	0.000010 0.000010 0.000010 0.000010 0.313485 0.000010 0.000010 0.686455
KGA003	Kgalagadi	0.000010 0.000010 0.000010 0.000010 0.331043 0.000010 0.000010 0.668897
KGA004	Kgalagadi	0.000010 0.000010 0.000010 0.000010 0.366294 0.000010 0.000010 0.633646
BOT6.566	Kgalagadi	0.000010 0.000010 0.000010 0.000010 0.412716 0.000010 0.000010 0.587224
BOT6.004	Kgalagadi	0.000010 0.000010 0.000010 0.000010 0.510465 0.000010 0.000010 0.489475
Hadza002	Hadza	0.011161 0.006201 0.000901 0.021951 0.148563 0.059043 0.000010 0.752169
Hadza006	Hadza	0.001926 0.002950 0.000010 0.000010 0.146093 0.079883 0.024858 0.744270
Hadza008	Hadza	0.012363 0.000010 0.000010 0.006639 0.172688 0.068639 0.013353 0.726298
Hadza010	Hadza	0.031072 0.000010 0.000046 0.000010 0.161622 0.068163 0.016102 0.722974
Hadza013	Hadza	0.020758 0.000010 0.010027 0.000010 0.167492 0.081035 0.008755 0.711913
Hadza018	Hadza	0.023139 0.000010 0.000010 0.000010 0.183817 0.075135 0.018669 0.699211
Hadza012	Hadza	0.028687 0.004221 0.005767 0.000010 0.189659 0.072308 0.007131 0.692216
Hadza011	Hadza	0.009112 0.003910 0.000010 0.004337 0.190152 0.086200 0.014614 0.691665
Hadza003	Hadza	0.019672 0.003060 0.003778 0.012101 0.195713 0.065307 0.009054 0.691316
Hadza001	Hadza	0.032037 0.000010 0.002834 0.000010 0.182145 0.082132 0.019052 0.681781
Hadza007	Hadza	0.025834 0.003263 0.001622 0.000010 0.203973 0.075194 0.019816 0.670289
Hadza004	Hadza	0.015324 0.000238 0.012296 0.009092 0.218149 0.068427 0.008735 0.667738
End08	Hadza	0.026311 0.006264 0.003054 0.000148 0.222529 0.076831 0.014413 0.650449
Bar04	Hadza	0.038083 0.004705 0.001744 0.003043 0.213238 0.063949 0.025163 0.650074
Bar08	Hadza	0.035273 0.005375 0.000010 0.000010 0.218942 0.070398 0.022243 0.647747
Hadza019	Hadza	0.019480 0.000010 0.009469 0.005414 0.225940 0.088031 0.005075 0.646580
Hadza017	Hadza	0.020197 0.000010 0.005859 0.000010 0.222301 0.092244 0.012821 0.646558
Hadza005	Hadza	0.052153 0.005004 0.000010 0.000010 0.225684 0.062779 0.018048 0.636312
Hadza016	Hadza	0.035618 0.000010 0.009663 0.000010 0.234389 0.080442 0.006289 0.633580
Bar10	Hadza	0.033978 0.012843 0.005382 0.000010 0.221950 0.085925 0.010949 0.628963
Bar13	Hadza	0.020942 0.005445 0.015187 0.000010 0.227634 0.085966 0.016867 0.627949
Hadza020	Hadza	0.031613 0.008748 0.002200 0.008588 0.238263 0.086194 0.005018 0.619377
SA016	Khomani	0.000010 0.000010 0.000010 0.000010 0.948512 0.000010 0.000010 0.051428
SA047	Khomani	0.000010 0.000010 0.000010 0.000010 0.881108 0.000010 0.000010 0.118832
SA010	Khomani	0.000010 0.000010 0.000010 0.000010 0.875794 0.001099 0.000010 0.123058
SA063	Khomani	0.000524 0.000010 0.000010 0.000010 0.827391 0.047986 0.000010 0.124059
SA018	Khomani	0.003660 0.000010 0.000010 0.000010 0.819087 0.000010 0.000010 0.177202
SA1025	Khomani	0.000010 0.000239 0.000010 0.000010 0.762820 0.029968 0.000010 0.206933
SA078	Khomani	0.008099 0.000010 0.020541 0.008278 0.676510 0.254915 0.000010 0.031638
SA073	Khomani	0.003269 0.003444 0.000010 0.000010 0.669992 0.066799 0.034509 0.221967
SA064	Khomani	0.019387 0.008788 0.004978 0.007670 0.652142 0.141538 0.014963 0.150534
SA1004	Khomani	0.025869 0.000010 0.004106 0.000010 0.614382 0.062464 0.000010 0.293149
SA083	Khomani	0.083197 0.011307 0.011909 0.006219 0.607617 0.215209 0.012343 0.052199
BOT5.034	Gana	0.005779 0.000053 0.000010 0.000010 0.817611 0.008575 0.000010 0.167951
BOT6.259	Gana	0.000010 0.003265 0.000010 0.000010 0.757693 0.020503 0.000010 0.218499
BOT6.258	Gana	0.000010 0.001123 0.000010 0.000010 0.681162 0.019901 0.000010 0.297774
BOT6.264	Gana	0.007943 0.000010 0.001244 0.000010 0.631574 0.004807 0.000010 0.354401
BOT5.018	Gana	0.000010 0.000010 0.000010 0.000010 0.619627 0.000010 0.000010 0.380313
BOT5.026	Gana	0.000347 0.002219 0.000010 0.000010 0.571259 0.001803 0.000010 0.424342
BOT5.033	Gana	0.002524 0.000010 0.000010 0.000010 0.550558 0.000010 0.000010 0.446867
BOT5.036	Gana	0.000010 0.000010 0.000010 0.000010 0.538329 0.000010 0.000010 0.461611
BOT6.292	Tshwa	0.017867 0.000010 0.001672 0.000010 0.724301 0.000010 0.000010 0.256120
BOT6.279	Tshwa	0.000010 0.001720 0.000010 0.000010 0.589134 0.008778 0.000010 0.400329
BOT6.278	Tshwa	0.000010 0.000010 0.000010 0.005057 0.582462 0.001865 0.000010 0.410575
BOT6.274	Tshwa	0.006900 0.000010 0.000010 0.000010 0.580894 0.011270 0.003429 0.397477
BOT6.280	Tshwa	0.000010 0.000010 0.000392 0.000010 0.573247 0.009076 0.000010 0.417245
HGDP00472	Biaka	0.000010 0.000010 0.000010 0.000010 0.294509 0.000010 0.000010 0.705431
HGDP00986	Biaka	0.000010 0.000010 0.000010 0.000010 0.296375 0.000010 0.000010 0.703565
HGDP00457	Biaka	0.000010 0.000010 0.000010 0.000010 0.297920 0.000010 0.000010 0.702020
HGDP00475	Biaka	0.000010 0.000010 0.000010 0.000010 0.303541 0.000010 0.000010 0.696399
HGDP00460	Biaka	0.000010 0.000010 0.000010 0.000010 0.306138 0.000010 0.000010 0.693802
HGDP01090	Biaka	0.000010 0.001536 0.000010 0.000010 0.307817 0.000010 0.000010 0.690598
HGDP00470	Biaka	0.000010 0.000010 0.000010 0.000010 0.313183 0.000010 0.000010 0.686757
HGDP00469	Biaka	0.000010 0.000010 0.000010 0.000010 0.316446 0.000010 0.000010 0.683494
HGDP00464	Biaka	0.000010 0.000010 0.000010 0.000010 0.316982 0.000010 0.000010 0.682958
HGDP00454	Biaka	0.000010 0.000010 0.000010 0.000010 0.317146 0.000010 0.000010 0.682794
HGDP00459	Biaka	0.000010 0.000010 0.000010 0.000010 0.317161 0.000010 0.000010 0.682779
HGDP00466	Biaka	0.000010 0.000010 0.000010 0.000010 0.317727 0.000010 0.000010 0.682213
HGDP00985	Biaka	0.000010 0.000010 0.000010 0.000010 0.318734 0.000010 0.000010 0.681206
HGDP01086	Biaka	0.000010 0.000010 0.002770 0.000010 0.319385 0.000010 0.000444 0.677360
HGDP00473	Biaka	0.000010 0.000010 0.000010 0.000011 0.322926 0.000010 0.000010 0.677012
HGDP00461	Biaka	0.000010 0.000010 0.000010 0.000010 0.326703 0.000010 0.000010 0.673237
HGDP00455	Biaka	0.000010 0.000010 0.000010 0.000010 0.330428 0.000010 0.000010 0.669512
HGDP00465	Biaka	0.000010 0.000010 0.000010 0.000010 0.332536 0.000010 0.000010 0.667404
HGDP01094	Biaka	0.000010 0.000010 0.000010 0.000010 0.333464 0.000010 0.000010 0.666476
HGDP00458	Biaka	0.000010 0.000293 0.000010 0.000010 0.336764 0.000010 0.000010 0.662893
NAM129	Xuun	0.004720 0.000010 0.000391 0.002205 0.837626 0.011393 0.000010 0.143645
NAM115	Xuun	0.000010 0.002315 0.000010 0.000010 0.837089 0.016147 0.001655 0.142763
NAM119	Xuun	0.000010 0.003930 0.000010 0.000010 0.835619 0.011370 0.000317 0.148734
NAM361	Xuun	0.000010 0.000010 0.000010 0.000010 0.803373 0.006707 0.000010 0.189870
NAM188	Xuun	0.000010 0.000010 0.000010 0.000010 0.800447 0.000010 0.000010 0.199493
NAM191	Xuun	0.000010 0.000010 0.002297 0.000010 0.790991 0.000010 0.006418 0.200254
NAM107	Xuun	0.000010 0.000010 0.000010 0.007658 0.782862 0.010930 0.000010 0.198510
NAM201	Xuun	0.001733 0.000010 0.000010 0.000010 0.781593 0.012942 0.000010 0.203691
NAM109	Xuun	0.000010 0.000010 0.000010 0.000010 0.766286 0.011633 0.000010 0.222031
