Egypt9	Egyptian	0.099233 0.001706 0.000010 0.000010 0.003287 0.744251 0.000010 0.151494
Egypt12	Egyptian	0.059709 0.006274 0.000010 0.000010 0.007119 0.734061 0.017967 0.174850
Egypt17AQ176	Egyptian	0.068357 0.003724 0.000010 0.000010 0.000010 0.730025 0.033729 0.164136
Egypt7	Egyptian	0.090300 0.000010 0.001232 0.000010 0.000010 0.729166 0.014728 0.164543
Egypt7AQ172	Egyptian	0.099891 0.000010 0.000010 0.000010 0.000010 0.726539 0.013278 0.160253
Egypt15AQ172	Egyptian	0.074620 0.011137 0.000010 0.000010 0.000010 0.725988 0.018995 0.169231
Egypt10	Egyptian	0.083555 0.002409 0.000010 0.000010 0.002883 0.722069 0.006346 0.182718
Egypt12AQ172	Egyptian	0.090482 0.011460 0.000010 0.000010 0.000010 0.720508 0.007479 0.170041
Egypt3AQ172	Egyptian	0.121969 0.006255 0.000010 0.000010 0.000010 0.720088 0.002424 0.149233
Egypt9AQ172	Egyptian	0.079592 0.008584 0.000010 0.000010 0.000010 0.719804 0.011193 0.180797
Egypt3	Egyptian	0.079904 0.002226 0.000010 0.000010 0.000010 0.713041 0.015852 0.188947
Egypt9AQ177	Egyptian	0.078571 0.013515 0.000010 0.000010 0.000010 0.706105 0.011436 0.190344
Egypt1AQ172	Egyptian	0.100023 0.008359 0.000010 0.000010 0.000010 0.705908 0.020623 0.165056
Egypt5AQ172	Egyptian	0.118328 0.001490 0.000010 0.000010 0.000010 0.705683 0.018827 0.155643
Egypt22TD21	Egyptian	0.118193 0.013716 0.000010 0.000010 0.000010 0.705314 0.000559 0.162189
Egypt11	Egyptian	0.064268 0.000010 0.000977 0.002386 0.000010 0.705168 0.016217 0.210963
Egypt8AT113	Egyptian	0.103496 0.000010 0.000010 0.000010 0.002752 0.703345 0.005226 0.185152
Egypt1	Egyptian	0.095976 0.007747 0.000010 0.000010 0.000010 0.679149 0.000010 0.217089
MoroccanJew4692	Moroccan_Jew	0.091415 0.000010 0.000010 0.000010 0.000010 0.845967 0.013150 0.049428
MoroccanJew5126	Moroccan_Jew	0.091030 0.000010 0.008336 0.000010 0.000010 0.842831 0.005282 0.052491
MoroccanJew4683	Moroccan_Jew	0.122355 0.002131 0.000010 0.000010 0.000010 0.834439 0.001292 0.039752
MoroccanJew5168	Moroccan_Jew	0.093062 0.000010 0.001797 0.000010 0.000010 0.830390 0.016789 0.057932
MoroccanJew4789	Moroccan_Jew	0.105909 0.000010 0.000010 0.000010 0.000941 0.825419 0.019924 0.047777
MoroccanJew4634	Moroccan_Jew	0.111076 0.002428 0.010024 0.001168 0.014479 0.820965 0.000010 0.039850
Tunisian20C4	Tunisian	0.000010 0.014670 0.000010 0.000010 0.000010 0.750953 0.016537 0.217801
Tunisian20A5	Tunisian	0.011799 0.000010 0.000010 0.000010 0.000010 0.724506 0.009740 0.253915
Tunisian20B4	Tunisian	0.063291 0.002404 0.000010 0.000010 0.000010 0.720151 0.015305 0.198819
Tunisian20C1	Tunisian	0.042687 0.000966 0.000010 0.000010 0.000010 0.719494 0.024736 0.212088
Tunisian200000	Tunisian	0.036608 0.000010 0.000010 0.000010 0.001275 0.709286 0.027099 0.225703
Tunisian20D1	Tunisian	0.023237 0.003222 0.000010 0.000010 0.000010 0.709117 0.019403 0.244991
Tunisian20F4	Tunisian	0.025038 0.000010 0.000010 0.000010 0.003574 0.707803 0.044820 0.218735
Tunisian20D4	Tunisian	0.027059 0.007541 0.000010 0.000010 0.000010 0.702528 0.018945 0.243897
TunisianJew1531	Tunisian_Jew	0.077871 0.000010 0.000010 0.000010 0.000010 0.867788 0.000010 0.054291
TunisianJew1763	Tunisian_Jew	0.068987 0.003860 0.000010 0.000010 0.000010 0.855206 0.007746 0.064171
TunisianJew1170	Tunisian_Jew	0.105157 0.005481 0.000010 0.000010 0.001305 0.843201 0.000010 0.044826
TunisianJew1421	Tunisian_Jew	0.092709 0.000010 0.003703 0.000010 0.000010 0.839790 0.000010 0.063757
TunisianJew1544	Tunisian_Jew	0.092701 0.006988 0.000010 0.002955 0.000010 0.829147 0.013402 0.054787
TunisianJew1511	Tunisian_Jew	0.090561 0.000010 0.000010 0.005667 0.000010 0.828735 0.009710 0.065297
TunisianJew1507	Tunisian_Jew	0.097108 0.005015 0.000010 0.000010 0.000010 0.826076 0.000010 0.071761
LibyanJew1601	Libyan_Jew	0.073418 0.000010 0.000010 0.000010 0.006727 0.839307 0.024488 0.056030
LibyanJew1605	Libyan_Jew	0.083572 0.002493 0.008056 0.000010 0.001473 0.837376 0.000010 0.067010
LibyanJew1611	Libyan_Jew	0.079473 0.018449 0.002627 0.000010 0.001794 0.833203 0.006351 0.058093
LibyanJew1659	Libyan_Jew	0.093511 0.000010 0.000010 0.000010 0.000500 0.830511 0.004727 0.070721
LibyanJew1263	Libyan_Jew	0.096595 0.000010 0.000010 0.000010 0.000010 0.827073 0.000010 0.076282
LibyanJew1639	Libyan_Jew	0.116600 0.000010 0.000010 0.001049 0.000010 0.823464 0.000070 0.058787
LibyanJew1438	Libyan_Jew	0.099476 0.005849 0.000010 0.000010 0.006044 0.821968 0.007938 0.058705
LibyanJew1462	Libyan_Jew	0.096403 0.000010 0.000010 0.000010 0.000010 0.821782 0.020183 0.061592
LibyanJew1104	Libyan_Jew	0.122094 0.000784 0.000010 0.000010 0.000607 0.813753 0.015689 0.047052
HGDP01263	Mozabite	0.000010 0.004513 0.002378 0.000010 0.000010 0.775360 0.016954 0.200764
HGDP01255	Mozabite	0.000010 0.000349 0.003152 0.000010 0.000010 0.757941 0.014371 0.224157
HGDP01282	Mozabite	0.000010 0.006884 0.000010 0.000010 0.000010 0.744415 0.019826 0.228836
HGDP01258	Mozabite	0.000010 0.005129 0.000010 0.000010 0.002637 0.741405 0.013264 0.237534
HGDP01278	Mozabite	0.000010 0.008463 0.000010 0.000010 0.000010 0.735988 0.025897 0.229612
HGDP01280	Mozabite	0.000010 0.005204 0.000010 0.004318 0.000010 0.731470 0.004346 0.254632
HGDP01272	Mozabite	0.000010 0.000010 0.000010 0.000010 0.000010 0.731269 0.029201 0.239480
HGDP01275	Mozabite	0.000010 0.000010 0.000010 0.000010 0.000010 0.730485 0.022783 0.246682
HGDP01264	Mozabite	0.000010 0.010300 0.000010 0.000010 0.000010 0.729569 0.023596 0.236495
HGDP01254	Mozabite	0.000010 0.007873 0.000010 0.002601 0.000010 0.728165 0.027751 0.233579
HGDP01253	Mozabite	0.000010 0.000010 0.000010 0.000010 0.000010 0.726192 0.020618 0.253140
HGDP01277	Mozabite	0.000010 0.000010 0.000010 0.000010 0.000010 0.723482 0.033547 0.242921
HGDP01265	Mozabite	0.000010 0.005662 0.000010 0.000010 0.000010 0.722987 0.019415 0.251895
HGDP01256	Mozabite	0.000010 0.000010 0.000010 0.000010 0.000010 0.717982 0.013604 0.268364
HGDP01276	Mozabite	0.000010 0.009816 0.000028 0.000010 0.000010 0.716521 0.001466 0.272139
HGDP01268	Mozabite	0.016160 0.020004 0.000010 0.000010 0.000010 0.714481 0.005760 0.243565
HGDP01262	Mozabite	0.000010 0.010457 0.000010 0.000010 0.007692 0.709467 0.022233 0.250120
HGDP01257	Mozabite	0.000010 0.000010 0.000010 0.000010 0.000010 0.705952 0.004396 0.289602
HGDP01279	Mozabite	0.014012 0.012456 0.000010 0.000010 0.000010 0.703090 0.018453 0.251959
HGDP01259	Mozabite	0.000010 0.007206 0.000010 0.000010 0.000010 0.683186 0.033899 0.275669
HGDP01274	Mozabite	0.000010 0.013916 0.000010 0.016464 0.000010 0.656001 0.000010 0.313578
Algerian43A34	Algerian	0.000010 0.000667 0.000010 0.000010 0.000010 0.755725 0.025949 0.217620
Algerian43A13	Algerian	0.012749 0.000010 0.000010 0.012770 0.000010 0.723557 0.006896 0.243998
Algerian43A24	Algerian	0.000010 0.008248 0.000010 0.006560 0.000010 0.719423 0.005702 0.260038
Algerian43A23	Algerian	0.000010 0.017605 0.000010 0.000010 0.000010 0.718514 0.011180 0.252660
Algerian43A22	Algerian	0.000010 0.003987 0.000010 0.000010 0.000010 0.704349 0.041271 0.250354
Algerian43A32	Algerian	0.003340 0.002214 0.000010 0.000010 0.000010 0.698670 0.055070 0.240676
Algerian43A21	Algerian	0.025505 0.010835 0.000010 0.000010 0.000198 0.695189 0.015768 0.252485
SAH18	Saharawi	0.000010 0.013397 0.000010 0.000010 0.000010 0.703084 0.009684 0.273795
SAH9	Saharawi	0.000010 0.011415 0.000010 0.000010 0.000010 0.702728 0.017837 0.267980
SAH24	Saharawi	0.000010 0.007207 0.000010 0.000010 0.000010 0.694820 0.019932 0.278001
SAH27	Saharawi	0.000010 0.000010 0.000010 0.000010 0.000010 0.694761 0.008522 0.296667
SAH21	Saharawi	0.000010 0.007701 0.000010 0.000010 0.000010 0.693249 0.018047 0.280963
SAH34	Saharawi	0.000010 0.000010 0.000010 0.000010 0.000010 0.686775 0.005379 0.307796
EthiopianJew1831	Ethiopian_Jew	0.022191 0.008376 0.000010 0.000010 0.017486 0.480538 0.025335 0.446055
EthiopianJew1818	Ethiopian_Jew	0.051988 0.016374 0.000010 0.000010 0.024133 0.476418 0.000010 0.431057
EthiopianJew1570	Ethiopian_Jew	0.015900 0.000010 0.000010 0.000010 0.027917 0.466498 0.037577 0.452079
EthiopianJew1804	Ethiopian_Jew	0.046137 0.013937 0.000010 0.000010 0.029393 0.464714 0.005902 0.439898
EthiopianJew1574	Ethiopian_Jew	0.027358 0.002020 0.000010 0.000010 0.025554 0.462430 0.026266 0.456352
EthiopianJew4690	Ethiopian_Jew	0.035953 0.010695 0.000010 0.000010 0.037558 0.459472 0.022578 0.433725
EthiopianJew1822	Ethiopian_Jew	0.044487 0.008962 0.000010 0.000010 0.030966 0.456945 0.030187 0.428432
ADR20107	Oromo	0.000653 0.004237 0.000010 0.017137 0.046330 0.355742 0.021127 0.554763
ADR20106	Oromo	0.044330 0.004550 0.000010 0.000010 0.026188 0.374737 0.007523 0.542651
ADR20112	Oromo	0.030784 0.009207 0.000010 0.000010 0.047875 0.362339 0.014691 0.535084
ADR20109	Oromo	0.033011 0.012546 0.000010 0.000010 0.063130 0.351619 0.017729 0.521945
Ayodo_41S	Somali	0.000010 0.012118 0.000010 0.000010 0.020806 0.361045 0.022122 0.583879
Ayodo_5S	Somali	0.004826 0.018065 0.000010 0.000010 0.030853 0.365936 0.010539 0.569762
Ayodo_35S	Somali	0.000010 0.007222 0.000010 0.000010 0.032714 0.385606 0.014138 0.560290
Ayodo_52S	Somali	0.023888 0.000010 0.000010 0.000010 0.032928 0.365590 0.020009 0.557555
Ayodo_21S	Somali	0.000010 0.008173 0.000010 0.000010 0.031223 0.375092 0.028829 0.556653
Ayodo_81S	Somali	0.011812 0.017586 0.000010 0.000010 0.022824 0.385318 0.008947 0.553493
Ayodo_69S	Somali	0.004833 0.013184 0.000010 0.000010 0.048639 0.359047 0.024553 0.549723
Ayodo_34S	Somali	0.024161 0.017578 0.000010 0.000010 0.029041 0.372453 0.010365 0.546382
Ayodo_40S	Somali	0.000881 0.009706 0.000010 0.000010 0.022345 0.389591 0.035462 0.541994
Ayodo_90S	Somali	0.008351 0.013732 0.000010 0.000010 0.033197 0.392341 0.010498 0.541861
Ayodo_23S	Somali	0.019833 0.020424 0.000010 0.000010 0.021668 0.376501 0.023301 0.538253
Ayodo_61S	Somali	0.001521 0.012751 0.000010 0.000010 0.049890 0.389778 0.020683 0.525358
Ayodo_43S	Somali	0.019766 0.011109 0.000010 0.000010 0.029088 0.387156 0.031355 0.521506
GOR067	Datog	0.023201 0.004913 0.000010 0.000010 0.070697 0.270224 0.011291 0.619655
GOR063	Datog	0.000010 0.000010 0.000010 0.000010 0.065816 0.291992 0.025555 0.616597
GOR049	Datog	0.011707 0.008646 0.003968 0.000010 0.071316 0.281322 0.016724 0.606308
Ayodo_103M	Masai	0.017852 0.011658 0.000010 0.000010 0.055938 0.178481 0.006568 0.729483
NA21487	Masai	0.050824 0.010350 0.000010 0.000010 0.035058 0.181306 0.000010 0.722433
Ayodo_101M	Masai	0.035286 0.015181 0.000010 0.000010 0.055518 0.174693 0.000010 0.719292
NA21490	Masai	0.027595 0.016568 0.000010 0.000010 0.051682 0.183851 0.010081 0.710203
NA21477	Masai	0.028883 0.003694 0.000010 0.000686 0.056975 0.191577 0.016736 0.701439
NA21648	Masai	0.015790 0.002753 0.010536 0.000010 0.056443 0.206948 0.006998 0.700522
NA21581	Masai	0.013531 0.012782 0.000010 0.003585 0.052871 0.225019 0.001345 0.690857
NA21310	Masai	0.001402 0.012592 0.007951 0.000010 0.054359 0.215740 0.025819 0.682127
NA21366	Masai	0.030255 0.011522 0.000010 0.000010 0.052449 0.210152 0.020273 0.675328
NA21425	Masai	0.029543 0.007773 0.000010 0.003273 0.062473 0.225500 0.011353 0.660075
NA21514	Masai	0.051018 0.011960 0.000010 0.014247 0.047099 0.224840 0.000010 0.650816
NA21302	Masai	0.031594 0.004289 0.000010 0.001747 0.075240 0.235405 0.010650 0.641064
Ayodo_47K	Kikuyu	0.012517 0.001219 0.000010 0.000010 0.052468 0.135406 0.003305 0.795065
Ayodo_61K	Kikuyu	0.010408 0.002716 0.000010 0.000010 0.045492 0.163533 0.002670 0.775161
Ayodo_67K	Kikuyu	0.000958 0.002912 0.000010 0.000010 0.069377 0.148801 0.007023 0.770909
Ayodo_83K	Kikuyu	0.011553 0.003662 0.000010 0.000010 0.051426 0.163298 0.003990 0.766052
Sandawe021	Sandawe	0.016414 0.000010 0.007014 0.000010 0.100747 0.139971 0.002265 0.733569
Sandawe001	Sandawe	0.011547 0.005305 0.012587 0.007819 0.124640 0.153019 0.000010 0.685074
Sandawe023	Sandawe	0.015176 0.002693 0.000010 0.004133 0.120310 0.157985 0.014705 0.684988
Sandawe019	Sandawe	0.008587 0.009982 0.000010 0.000010 0.107488 0.186028 0.008516 0.679379
Sandawe022	Sandawe	0.020138 0.012752 0.000010 0.006420 0.127347 0.150440 0.008038 0.674855
Sandawe024	Sandawe	0.001880 0.012042 0.003465 0.000010 0.125910 0.171940 0.018972 0.665780
Sandawe013	Sandawe	0.000010 0.003671 0.003351 0.006227 0.125399 0.181239 0.017093 0.663010
Sandawe016	Sandawe	0.000010 0.010584 0.002833 0.000010 0.134541 0.183034 0.007268 0.661720
Sandawe002	Sandawe	0.007918 0.009235 0.000010 0.013846 0.162058 0.150093 0.002881 0.653959
Sandawe005	Sandawe	0.018711 0.010810 0.000853 0.001044 0.155363 0.157686 0.004924 0.650609
Sandawe007	Sandawe	0.017053 0.013278 0.007826 0.000010 0.143515 0.168536 0.000010 0.649773
Sandawe009	Sandawe	0.000223 0.000010 0.000010 0.008956 0.157036 0.171275 0.013471 0.649019
Sandawe020	Sandawe	0.000010 0.000010 0.000010 0.000010 0.155327 0.178460 0.019320 0.646853
Sandawe012	Sandawe	0.002666 0.015383 0.000010 0.000010 0.134864 0.174372 0.026637 0.646059
Sandawe014	Sandawe	0.003162 0.016348 0.000010 0.000010 0.152520 0.180234 0.002718 0.644998
Sandawe027	Sandawe	0.012309 0.010476 0.006822 0.000010 0.153460 0.172533 0.000010 0.644379
Sandawe003	Sandawe	0.020295 0.000010 0.000010 0.000010 0.150172 0.173829 0.011910 0.643764
Sandawe025	Sandawe	0.023870 0.008084 0.000010 0.009218 0.150760 0.169695 0.000010 0.638353
Sandawe008	Sandawe	0.000010 0.004986 0.002797 0.000010 0.156670 0.172936 0.026116 0.636475
Sandawe011	Sandawe	0.000010 0.004452 0.002652 0.002740 0.162966 0.187740 0.007693 0.631747
Sandawe018	Sandawe	0.000018 0.028706 0.006605 0.000010 0.162959 0.168307 0.004196 0.629199
Sandawe006	Sandawe	0.035987 0.018234 0.000010 0.004218 0.151035 0.170659 0.000375 0.619481
AD_505	AA	0.000513 0.002032 0.006823 0.004169 0.000010 0.083116 0.000010 0.903327
AD_511	AA	0.000010 0.006715 0.003657 0.000012 0.000010 0.094856 0.000010 0.894731
AD_510	AA	0.000010 0.005573 0.012266 0.000010 0.003120 0.103288 0.000010 0.875722
AD_006	AA	0.013681 0.000010 0.000010 0.014521 0.023713 0.076639 0.000010 0.871416
AD_015	AA	0.013906 0.004573 0.008239 0.000010 0.028913 0.083754 0.000010 0.860595
AD_500	AA	0.006473 0.001574 0.029971 0.014288 0.028940 0.068261 0.000010 0.850483
AD_064	AA	0.008543 0.012916 0.012244 0.002943 0.030270 0.094347 0.000010 0.838727
AD_061	AA	0.019256 0.000010 0.012759 0.004114 0.031018 0.120967 0.000010 0.811866
AD_066	AA	0.009650 0.005600 0.000010 0.000010 0.024412 0.152945 0.000010 0.807363
AD_076	AA	0.000010 0.002420 0.021921 0.000010 0.028475 0.158315 0.000678 0.788171
AD_523	AA	0.003037 0.011056 0.010612 0.005610 0.032076 0.158459 0.000010 0.779139
AD_512	AA	0.038331 0.013184 0.013378 0.036184 0.008149 0.470320 0.010231 0.410224
NA19023	Luhya	0.000010 0.000010 0.003526 0.000287 0.045760 0.016266 0.000010 0.934131
NA19026	Luhya	0.004899 0.000010 0.000010 0.001154 0.031659 0.034359 0.001723 0.926185
NA19044	Luhya	0.000010 0.004841 0.000010 0.000010 0.046193 0.026814 0.000010 0.922112
NA19017	Luhya	0.000010 0.003349 0.000580 0.009547 0.055490 0.011091 0.000010 0.919922
NA19019	Luhya	0.000010 0.008530 0.001391 0.000010 0.046785 0.021616 0.004231 0.917426
NA19024	Luhya	0.006817 0.001619 0.004683 0.000010 0.060302 0.014523 0.000010 0.912035
NA19020	Luhya	0.003081 0.000010 0.000010 0.002355 0.047892 0.042374 0.000010 0.904269
NA19027	Luhya	0.006638 0.009552 0.001272 0.006297 0.057459 0.039647 0.000010 0.879125
Ayodo_502C	Luo	0.012606 0.008500 0.000010 0.000010 0.032327 0.012117 0.000010 0.934420
Ayodo_438C	Luo	0.018970 0.003192 0.000010 0.000010 0.039942 0.014929 0.000010 0.922937
Ayodo_412C	Luo	0.011364 0.012800 0.000010 0.000010 0.050367 0.008334 0.000010 0.917104
Ayodo_458C	Luo	0.016329 0.000010 0.000010 0.000010 0.052690 0.014098 0.000010 0.916844
Ayodo_423C	Luo	0.000010 0.000010 0.000010 0.009869 0.056614 0.020692 0.000010 0.912785
Ayodo_460C	Luo	0.013270 0.000010 0.008437 0.000010 0.049550 0.016034 0.000222 0.912467
Ayodo_604C	Luo	0.000010 0.000010 0.000010 0.000010 0.057059 0.032085 0.000010 0.910806
Ayodo_430C	Luo	0.000010 0.011962 0.000010 0.011576 0.054405 0.014594 0.000010 0.907432
HGDP01405	BantuKenya	0.011090 0.000010 0.000010 0.000010 0.037398 0.003513 0.007717 0.940252
HGDP01417	BantuKenya	0.000010 0.000010 0.000010 0.000010 0.033232 0.032425 0.000010 0.934293
HGDP01408	BantuKenya	0.007945 0.004442 0.000010 0.000010 0.036955 0.020688 0.000010 0.929940
HGDP01418	BantuKenya	0.001716 0.006028 0.000010 0.000855 0.040991 0.023328 0.004134 0.922938
HGDP01419	BantuKenya	0.006360 0.000010 0.000010 0.000010 0.055897 0.017194 0.000010 0.920509
HGDP01414	BantuKenya	0.000010 0.000010 0.000010 0.009395 0.044587 0.014570 0.012984 0.918435
DNK09	Dinka	0.035002 0.000010 0.000010 0.001420 0.017918 0.011918 0.012071 0.921650
DNK03	Dinka	0.015009 0.000809 0.000010 0.000010 0.023187 0.015530 0.028027 0.917418
DNK07	Dinka	0.025655 0.014602 0.000010 0.000010 0.032965 0.009569 0.003911 0.913278
DNK05	Dinka	0.016959 0.001655 0.012036 0.000010 0.029746 0.002743 0.025174 0.911677
DNK06	Dinka	0.013624 0.001261 0.008907 0.007722 0.027523 0.030549 0.000010 0.910404
DNK15	Dinka	0.033003 0.001154 0.009271 0.000010 0.034368 0.013861 0.005434 0.902898
DNK11	Dinka	0.018738 0.012223 0.003915 0.005966 0.044819 0.011848 0.000010 0.902481
HG02464	Gambian	0.000010 0.000020 0.000010 0.001218 0.007235 0.000010 0.000010 0.991487
HG02465	Gambian	0.000010 0.009496 0.000010 0.000010 0.011825 0.000010 0.000010 0.978629
HG02573	Gambian	0.000010 0.005456 0.000010 0.000010 0.011561 0.020806 0.000010 0.962137
HG02570	Gambian	0.011284 0.003641 0.000781 0.000010 0.019562 0.003015 0.000010 0.961697
HG02571	Gambian	0.000010 0.000010 0.000010 0.001054 0.016603 0.021765 0.000010 0.960537
HG02574	Gambian	0.000010 0.002523 0.000010 0.000010 0.002516 0.043399 0.000010 0.951523
HGDP01028	BantuSA	0.000010 0.000010 0.000010 0.004697 0.071281 0.000682 0.000010 0.923300
HGDP01031	BantuSA	0.000010 0.000010 0.005131 0.000010 0.072111 0.001243 0.000010 0.921476
HGDP01035	BantuSA	0.000010 0.000010 0.000010 0.000010 0.108191 0.000010 0.000010 0.891749
HGDP01033	BantuSA	0.006011 0.000010 0.000010 0.000010 0.171883 0.000010 0.000010 0.822056
HGDP01034	BantuSA	0.006171 0.000010 0.002394 0.000010 0.223597 0.000010 0.000010 0.767798
HGDP00994	BantuSA	0.000010 0.000010 0.000010 0.000010 0.237611 0.000010 0.000010 0.762329
HGDP00993	BantuSA	0.005985 0.000010 0.003391 0.000010 0.251655 0.000010 0.000010 0.738929
HGDP01030	BantuSA	0.000010 0.000010 0.000010 0.002329 0.347940 0.000010 0.000010 0.649680
HG03057	Mende	0.000010 0.001819 0.000010 0.000010 0.028819 0.000010 0.000010 0.969312
HG03076	Mende	0.003856 0.000010 0.000010 0.000010 0.028667 0.000010 0.000010 0.967427
HG03085	Mende	0.000010 0.002963 0.000010 0.000010 0.039211 0.000010 0.000010 0.957776
HG03078	Mende	0.000010 0.000010 0.008621 0.000010 0.033868 0.000010 0.000010 0.957461
HG03069	Mende	0.003862 0.000010 0.000010 0.000010 0.039986 0.000010 0.000010 0.956102
HG03097	Mende	0.000010 0.000010 0.000010 0.000010 0.056942 0.000010 0.000010 0.942998
HG03072	Mende	0.000176 0.000010 0.000010 0.000010 0.057202 0.000010 0.000010 0.942572
HG03052	Mende	0.000010 0.000010 0.000010 0.000010 0.066905 0.000010 0.000010 0.933035
HGDP00904	Mandenka	0.000010 0.000010 0.000485 0.000010 0.000010 0.005522 0.002255 0.991697
HGDP00907	Mandenka	0.000010 0.000010 0.000010 0.000010 0.000010 0.009804 0.000010 0.990136
HGDP01284	Mandenka	0.003937 0.000010 0.000010 0.000010 0.015047 0.000010 0.001559 0.979417
HGDP01202	Mandenka	0.000010 0.002023 0.000010 0.000010 0.008424 0.010264 0.000010 0.979249
HGDP01200	Mandenka	0.000010 0.000010 0.000010 0.002092 0.008340 0.011050 0.000010 0.978478
HGDP01199	Mandenka	0.000010 0.001809 0.000010 0.010808 0.009013 0.000010 0.000010 0.978329
HGDP01286	Mandenka	0.000010 0.000010 0.000010 0.000010 0.003570 0.018172 0.000010 0.978209
HGDP00912	Mandenka	0.006962 0.001185 0.000010 0.000257 0.006164 0.006200 0.001799 0.977423
HGDP00908	Mandenka	0.014880 0.000010 0.004976 0.000010 0.002978 0.000010 0.000010 0.977126
HGDP01283	Mandenka	0.000010 0.000010 0.000010 0.000010 0.003979 0.019144 0.000010 0.976827
HGDP00909	Mandenka	0.000010 0.005471 0.000010 0.000010 0.010875 0.008204 0.000640 0.974780
HGDP00917	Mandenka	0.000010 0.000010 0.000010 0.000010 0.002834 0.020217 0.003125 0.973784
HGDP00915	Mandenka	0.004457 0.000010 0.000010 0.000010 0.003905 0.018708 0.001024 0.971875
HGDP00913	Mandenka	0.000010 0.000010 0.000010 0.006864 0.017305 0.006400 0.000010 0.969391
HGDP00910	Mandenka	0.002593 0.001249 0.000386 0.005386 0.010392 0.014925 0.000010 0.965059
HGDP00905	Mandenka	0.002958 0.005867 0.000010 0.000010 0.013788 0.016583 0.000010 0.960773
HGDP00906	Mandenka	0.000010 0.000010 0.004879 0.000010 0.027214 0.018501 0.000010 0.949365
NAM331	Wambo	0.000010 0.000010 0.000010 0.000010 0.051468 0.000010 0.000010 0.948472
NAM088	Wambo	0.000010 0.000010 0.000010 0.000010 0.051999 0.000010 0.000010 0.947941
NAM453	Wambo	0.000010 0.000010 0.000010 0.000010 0.061742 0.000010 0.000010 0.938198
NAM436	Wambo	0.000010 0.000010 0.000010 0.000010 0.064356 0.000010 0.000010 0.935584
NAM434	Wambo	0.000010 0.000010 0.000010 0.000010 0.064819 0.000010 0.000010 0.935121
HG02923	Esan	0.000010 0.000010 0.000010 0.000010 0.000010 0.000010 0.000010 0.999930
HG03100	Esan	0.000010 0.000010 0.000010 0.000010 0.000010 0.000010 0.000010 0.999930
HG03108	Esan	0.000010 0.000010 0.000010 0.000010 0.001062 0.000010 0.000010 0.998878
HG03109	Esan	0.000010 0.000010 0.000010 0.000010 0.004163 0.000010 0.000010 0.995777
HG02943	Esan	0.000010 0.000017 0.000010 0.000010 0.004984 0.000010 0.000697 0.994263
HG03099	Esan	0.000010 0.000010 0.000010 0.000010 0.010159 0.000010 0.000010 0.989781
HG02974	Esan	0.000010 0.002343 0.000010 0.000010 0.010733 0.000010 0.000010 0.986874
HG02922	Esan	0.000010 0.000010 0.000010 0.000010 0.016328 0.000010 0.000010 0.983612
HGDP00920	Yoruba	0.000010 0.000010 0.000010 0.000010 0.000010 0.000010 0.000010 0.999930
HGDP00925	Yoruba	0.000010 0.000010 0.000010 0.000010 0.000010 0.000010 0.000010 0.999930
HGDP00928	Yoruba	0.000010 0.000010 0.000010 0.000010 0.000010 0.000010 0.000010 0.999930
HGDP00934	Yoruba	0.000010 0.000010 0.000010 0.000010 0.000010 0.000010 0.000010 0.999930
HGDP00935	Yoruba	0.000010 0.000010 0.000010 0.000010 0.000010 0.000010 0.000010 0.999930
HGDP00936	Yoruba	0.000010 0.000010 0.000010 0.000010 0.000010 0.000010 0.000010 0.999930
HGDP00937	Yoruba	0.000010 0.000010 0.000010 0.000010 0.000010 0.000010 0.000010 0.999930
HGDP00940	Yoruba	0.000010 0.000010 0.000010 0.000010 0.000010 0.000010 0.000010 0.999930
HGDP00942	Yoruba	0.000010 0.000010 0.000010 0.000010 0.000010 0.000010 0.000010 0.999930
NA18852	Yoruba	0.000010 0.000010 0.000010 0.000010 0.000010 0.000010 0.000010 0.999930
NA18853	Yoruba	0.000010 0.000010 0.000010 0.000010 0.000010 0.000010 0.000010 0.999930
NA18862	Yoruba	0.000010 0.000010 0.000010 0.000010 0.000010 0.000010 0.000010 0.999930
NA18870	Yoruba	0.000010 0.000010 0.000010 0.000010 0.000010 0.000010 0.000010 0.999930
NA19098	Yoruba	0.000010 0.000010 0.000010 0.000010 0.000010 0.000010 0.000010 0.999930
NA19119	Yoruba	0.000010 0.000010 0.000010 0.000010 0.000010 0.000010 0.000010 0.999930
NA19137	Yoruba	0.000010 0.000010 0.000010 0.000010 0.000010 0.000010 0.000010 0.999930
NA19160	Yoruba	0.000010 0.000010 0.000010 0.000010 0.000010 0.000010 0.000010 0.999930
NA19193	Yoruba	0.000010 0.000010 0.000010 0.000010 0.000010 0.000010 0.000010 0.999930
NA19201	Yoruba	0.000010 0.000010 0.000010 0.000010 0.000010 0.000010 0.000010 0.999930
NA19203	Yoruba	0.000010 0.000010 0.000010 0.000010 0.000010 0.000010 0.000010 0.999930
NA19238	Yoruba	0.000010 0.000010 0.000010 0.000010 0.000010 0.000010 0.000010 0.999930
NA18856	Yoruba	0.000010 0.000010 0.000010 0.000010 0.000019 0.000010 0.000010 0.999921
HGDP00924	Yoruba	0.000010 0.000010 0.000010 0.000010 0.000540 0.000010 0.000010 0.999400
NA19093	Yoruba	0.000010 0.000010 0.000010 0.000010 0.000010 0.000628 0.000010 0.999312
NA19138	Yoruba	0.000010 0.000010 0.000010 0.000010 0.000996 0.000010 0.000010 0.998944
NA18516	Yoruba	0.000010 0.000010 0.000010 0.000010 0.001521 0.000010 0.000010 0.998419
NA18859	Yoruba	0.000010 0.000977 0.000893 0.000010 0.000010 0.000010 0.000010 0.998080
NA19206	Yoruba	0.000010 0.000010 0.000010 0.000010 0.002363 0.000010 0.000010 0.997577
NA18871	Yoruba	0.000010 0.000010 0.000010 0.000010 0.002541 0.000010 0.000010 0.997399
HGDP00933	Yoruba	0.000010 0.000010 0.000010 0.000010 0.002742 0.000010 0.000010 0.997198
NA19127	Yoruba	0.000010 0.000010 0.000010 0.000010 0.002984 0.000010 0.000010 0.996956
NA19130	Yoruba	0.000010 0.002997 0.000010 0.000010 0.000010 0.000010 0.000010 0.996943
NA19143	Yoruba	0.000010 0.000010 0.000010 0.000010 0.003000 0.000010 0.000010 0.996940
HGDP00944	Yoruba	0.000010 0.000010 0.000010 0.000010 0.000671 0.002385 0.000010 0.996894
NA19239	Yoruba	0.000010 0.000010 0.000010 0.000010 0.003163 0.000010 0.000010 0.996777
NA19204	Yoruba	0.000010 0.000010 0.003428 0.000010 0.000010 0.000010 0.000010 0.996512
HGDP00931	Yoruba	0.000010 0.000010 0.000010 0.000010 0.003804 0.000010 0.000010 0.996136
NA18504	Yoruba	0.000010 0.000017 0.000010 0.000010 0.004042 0.000010 0.000010 0.995891
HGDP00941	Yoruba	0.000010 0.000010 0.002864 0.000010 0.001243 0.000010 0.000010 0.995843
NA19141	Yoruba	0.000010 0.000010 0.000010 0.000010 0.004399 0.000010 0.000010 0.995541
NA18522	Yoruba	0.000010 0.000010 0.000010 0.000010 0.005002 0.000010 0.000010 0.994938
NA19128	Yoruba	0.000512 0.000010 0.000010 0.000010 0.000010 0.000010 0.005503 0.993934
HGDP00943	Yoruba	0.000010 0.000010 0.000010 0.000010 0.006316 0.000010 0.000010 0.993624
NA19222	Yoruba	0.000010 0.000010 0.000010 0.000010 0.006391 0.000010 0.000010 0.993549
HGDP00939	Yoruba	0.000010 0.003104 0.003564 0.000010 0.000010 0.000010 0.000010 0.993282
NA18855	Yoruba	0.000010 0.000010 0.000010 0.000010 0.000010 0.006709 0.000010 0.993231
NA18505	Yoruba	0.000010 0.000010 0.000010 0.000010 0.007916 0.000010 0.000010 0.992024
HGDP00929	Yoruba	0.000010 0.000010 0.000010 0.000010 0.008097 0.000010 0.000010 0.991843
HGDP00932	Yoruba	0.000010 0.000010 0.000010 0.000010 0.008111 0.000010 0.000010 0.991829
HGDP00938	Yoruba	0.000010 0.000010 0.000010 0.000010 0.009094 0.000010 0.000010 0.990846
NA19223	Yoruba	0.000010 0.000010 0.000010 0.000010 0.009577 0.000010 0.000010 0.990363
NA19209	Yoruba	0.000010 0.000010 0.000010 0.000010 0.009653 0.000010 0.000010 0.990287
NA18507	Yoruba	0.000010 0.002691 0.003568 0.000010 0.003883 0.000010 0.000010 0.989818
NA18517	Yoruba	0.000010 0.000010 0.000010 0.000010 0.010536 0.000010 0.000010 0.989404
NA18508	Yoruba	0.000010 0.000010 0.000010 0.000010 0.010777 0.000010 0.000010 0.989163
NA19099	Yoruba	0.000010 0.000010 0.000010 0.000013 0.011117 0.000010 0.000010 0.988820
NA19207	Yoruba	0.000010 0.002120 0.000010 0.000010 0.009170 0.000010 0.000010 0.988660
NA18858	Yoruba	0.000010 0.000010 0.000010 0.000010 0.011664 0.000010 0.000010 0.988276
NA19210	Yoruba	0.000010 0.000010 0.000010 0.001472 0.010331 0.000010 0.000010 0.988147
NA18861	Yoruba	0.000010 0.000010 0.003766 0.000010 0.008106 0.000010 0.000010 0.988078
NA19131	Yoruba	0.000010 0.000010 0.000969 0.000010 0.011103 0.000010 0.000010 0.987878
NA19116	Yoruba	0.000010 0.000010 0.000010 0.003139 0.009145 0.000010 0.000010 0.987666
HGDP00930	Yoruba	0.002254 0.000010 0.003754 0.000010 0.006510 0.000010 0.000010 0.987442
NA19101	Yoruba	0.000010 0.000010 0.000010 0.000010 0.014343 0.000010 0.000010 0.985597
NA19171	Yoruba	0.000010 0.005364 0.000010 0.000017 0.009003 0.000010 0.000010 0.985577
NA18501	Yoruba	0.000010 0.000010 0.000010 0.000010 0.014606 0.000010 0.000010 0.985334
NA19102	Yoruba	0.000010 0.000010 0.000010 0.000010 0.016657 0.000010 0.000010 0.983283
NA19144	Yoruba	0.000010 0.000010 0.000010 0.000010 0.015741 0.000010 0.002827 0.981382
HGDP00926	Yoruba	0.000010 0.000010 0.000010 0.000010 0.020363 0.000010 0.000010 0.979577
NA19159	Yoruba	0.000010 0.001627 0.000012 0.000010 0.020038 0.000010 0.000010 0.978284
NAM172	Khwe	0.000010 0.002751 0.007118 0.000010 0.371842 0.029643 0.000010 0.588616
BOT6.160	Khwe	0.000010 0.000010 0.000010 0.000010 0.401295 0.022827 0.000010 0.575828
NAM167	Khwe	0.000010 0.000010 0.006128 0.000010 0.391534 0.031939 0.000010 0.570359
NAM175	Khwe	0.000010 0.003894 0.000010 0.000010 0.400409 0.025597 0.000010 0.570060
NAM376	Khwe	0.000010 0.000010 0.000010 0.000010 0.411065 0.030280 0.000010 0.558605
NAM179	Khwe	0.000010 0.006842 0.000010 0.000010 0.404411 0.036802 0.000010 0.551905
BOT6.158	Khwe	0.005351 0.001246 0.000010 0.000010 0.434577 0.015529 0.010561 0.532716
BOT6.154	Khwe	0.000010 0.000010 0.000010 0.000010 0.448570 0.027221 0.000010 0.524159
NAM321	Nama	0.005731 0.003640 0.000010 0.000010 0.855106 0.076337 0.000010 0.059155
NAM325	Nama	0.001298 0.000967 0.000010 0.000010 0.822546 0.075391 0.000010 0.099769
NAM317	Nama	0.005372 0.004436 0.000010 0.000010 0.806384 0.073161 0.000010 0.110616
NAM445	Nama	0.002084 0.001066 0.000010 0.012853 0.782852 0.109362 0.011824 0.079948
NAM326	Nama	0.007838 0.000010 0.000010 0.000010 0.754424 0.059713 0.000010 0.177985
NAM299	Nama	0.014097 0.001935 0.000010 0.000010 0.734988 0.133387 0.000529 0.115043
NAM442	Nama	0.003019 0.000010 0.000010 0.005602 0.709890 0.182823 0.008057 0.090590
NAM444	Nama	0.016102 0.000010 0.000010 0.000010 0.708901 0.053655 0.002314 0.218997
NAM429	Nama	0.001188 0.009045 0.006327 0.000010 0.698522 0.078668 0.000010 0.206229
NAM304	Nama	0.004231 0.003922 0.000010 0.010178 0.654303 0.236239 0.001281 0.089837
NAM412	Nama	0.000010 0.000010 0.000010 0.000010 0.631795 0.072826 0.000010 0.295329
NAM415	Nama	0.028049 0.000010 0.000010 0.000010 0.589728 0.125802 0.000010 0.256381
NAM308	Nama	0.018863 0.009699 0.015665 0.000010 0.578665 0.191644 0.006980 0.178474
NAM448	Nama	0.041802 0.000010 0.000010 0.004849 0.534483 0.234737 0.006153 0.177957
NAM427	Nama	0.003361 0.004655 0.000010 0.000010 0.480299 0.058039 0.013386 0.440240
NAM424	Nama	0.012758 0.010247 0.015891 0.000010 0.424710 0.056212 0.000010 0.480162
BOT6.208	Shua	0.003731 0.000010 0.000010 0.000010 0.292769 0.011592 0.000010 0.691868
BOT6.199	Shua	0.000010 0.000010 0.000010 0.005372 0.369791 0.043473 0.000010 0.581323
BOT6.222	Shua	0.006291 0.004523 0.000010 0.000010 0.394489 0.022316 0.002845 0.569515
BOT6.196	Shua	0.005794 0.010422 0.000010 0.000010 0.382088 0.038359 0.001135 0.562182
BOT6.233	Shua	0.000010 0.002421 0.000010 0.000010 0.431909 0.029702 0.000010 0.535928
BOT6.235	Shua	0.009965 0.008219 0.000010 0.000010 0.421381 0.029904 0.000010 0.530501
BOT6.245	Shua	0.014623 0.000010 0.000010 0.001909 0.432574 0.028718 0.000010 0.522146
BOT6.200	Shua	0.013095 0.000035 0.000010 0.004927 0.441656 0.034928 0.000010 0.505339
BOT6.252	Shua	0.000010 0.006742 0.000016 0.000010 0.470696 0.044446 0.000010 0.478069
BOT6.417	Tswana	0.000010 0.000010 0.000010 0.000010 0.143607 0.000010 0.000010 0.856333
BOT6.413	Tswana	0.000010 0.000010 0.000010 0.000010 0.201504 0.000010 0.000010 0.798436
BOT6.460	Tswana	0.000010 0.000013 0.000010 0.000010 0.264526 0.000010 0.000010 0.735411
BOT6.476	Tswana	0.000010 0.000010 0.000010 0.000010 0.301573 0.000010 0.000010 0.698367
BOT6.475	Tswana	0.000010 0.000010 0.000010 0.000010 0.354624 0.000012 0.000010 0.645315
NAM370	Haiom	0.000010 0.002799 0.000010 0.000010 0.679206 0.034661 0.000010 0.283294
NAM371	Haiom	0.017297 0.000010 0.000010 0.000010 0.614936 0.022878 0.002666 0.342193
NAM369	Haiom	0.000010 0.002095 0.000010 0.000010 0.589237 0.047355 0.000010 0.361273
NAM211	Haiom	0.015079 0.005202 0.000010 0.000010 0.531749 0.043067 0.000010 0.404872
NAM232	Haiom	0.000010 0.010728 0.000010 0.000010 0.523126 0.040653 0.000010 0.425454
NAM209	Haiom	0.000010 0.000010 0.000010 0.000010 0.503191 0.078762 0.006977 0.411030
NAM217	Haiom	0.017257 0.000010 0.000010 0.000010 0.497861 0.041421 0.000010 0.443421
NAM296	Himba	0.000010 0.000010 0.000010 0.000017 0.065754 0.000010 0.000010 0.934178
NAM294	Himba	0.000010 0.000010 0.000010 0.000010 0.070937 0.000010 0.000010 0.929003
NAM401	Himba	0.000010 0.000010 0.000010 0.000010 0.082910 0.000010 0.000010 0.917030
NAM295	Himba	0.000010 0.000010 0.000010 0.000010 0.101946 0.000934 0.000010 0.897070
NAM267	Damara	0.000010 0.000010 0.000010 0.000010 0.046941 0.000443 0.000010 0.952566
NAM268	Damara	0.000010 0.000010 0.000010 0.000010 0.051856 0.000010 0.000010 0.948084
NAM246	Damara	0.000010 0.000010 0.000010 0.000010 0.052330 0.000010 0.000010 0.947610
NAM410	Damara	0.000010 0.000010 0.000010 0.000010 0.058741 0.000010 0.000222 0.940987
NAM262	Damara	0.000010 0.000010 0.000010 0.000010 0.066216 0.000010 0.000010 0.933724
NAM245	Damara	0.000010 0.000010 0.000010 0.000010 0.068941 0.000010 0.000010 0.930999
NAM259	Damara	0.000010 0.000010 0.000010 0.000010 0.069045 0.000010 0.000010 0.930895
NAM452	Damara	0.000010 0.000010 0.000010 0.000010 0.074789 0.000010 0.000010 0.925151
NAM399	Damara	0.000010 0.000010 0.000010 0.000010 0.074913 0.000010 0.000010 0.925027
NAM284	Damara	0.000010 0.000010 0.000010 0.000010 0.097439 0.000668 0.000010 0.901843
NAM277	Damara	0.000010 0.003904 0.001228 0.000010 0.158428 0.000010 0.000010 0.836401
NAM395	Damara	0.008429 0.002694 0.002618 0.000010 0.155915 0.008904 0.000010 0.821420
KGA017	Kgalagadi	0.000010 0.000010 0.000010 0.000010 0.314368 0.000010 0.000010 0.685572
KGA003	Kgalagadi	0.000010 0.000010 0.000010 0.000010 0.331946 0.000010 0.000010 0.667994
KGA004	Kgalagadi	0.000010 0.000010 0.000010 0.000010 0.378923 0.000010 0.000010 0.621017
BOT6.566	Kgalagadi	0.000010 0.000010 0.000010 0.000010 0.404487 0.000010 0.000010 0.595453
BOT6.004	Kgalagadi	0.000010 0.000010 0.000010 0.000010 0.520157 0.000010 0.000010 0.479783
Hadza002	Hadza	0.005486 0.016610 0.000010 0.012818 0.148809 0.067022 0.000010 0.749234
Hadza006	Hadza	0.018167 0.007522 0.000010 0.000010 0.141822 0.082217 0.006223 0.744030
Hadza010	Hadza	0.024677 0.012377 0.000010 0.000010 0.158002 0.072061 0.006108 0.726755
Hadza008	Hadza	0.017394 0.002445 0.000010 0.001083 0.169501 0.071924 0.011839 0.725804
Hadza018	Hadza	0.033985 0.009444 0.001598 0.000010 0.168612 0.066623 0.008166 0.711561
Hadza013	Hadza	0.011309 0.002007 0.008821 0.000010 0.164178 0.093534 0.010008 0.710134
Hadza012	Hadza	0.025922 0.009131 0.010145 0.000010 0.183489 0.070302 0.000034 0.700967
Hadza003	Hadza	0.024265 0.016710 0.001883 0.000010 0.188369 0.057513 0.015759 0.695492
Hadza011	Hadza	0.014340 0.024387 0.000010 0.000010 0.189523 0.080438 0.000010 0.691282
Hadza007	Hadza	0.019822 0.007324 0.005438 0.004260 0.193434 0.074727 0.007008 0.687988
Hadza004	Hadza	0.008248 0.013701 0.007491 0.000010 0.214229 0.069543 0.010599 0.676180
Hadza001	Hadza	0.042169 0.007556 0.007442 0.000010 0.182019 0.079705 0.009697 0.671403
Bar04	Hadza	0.018683 0.015599 0.004985 0.000010 0.215156 0.074680 0.018641 0.652245
Hadza019	Hadza	0.014494 0.011724 0.000010 0.000010 0.220187 0.097365 0.006647 0.649563
Hadza017	Hadza	0.015663 0.008123 0.006030 0.000010 0.226996 0.080984 0.015076 0.647119
Hadza016	Hadza	0.017109 0.021078 0.008007 0.000010 0.225224 0.078718 0.004217 0.645637
Bar08	Hadza	0.044891 0.009153 0.000010 0.000010 0.217075 0.073916 0.010705 0.644240
Hadza020	Hadza	0.032366 0.016270 0.000010 0.002918 0.223633 0.081394 0.000010 0.643398
End08	Hadza	0.028394 0.016339 0.000010 0.000010 0.232288 0.073759 0.013199 0.636001
Hadza005	Hadza	0.050627 0.026577 0.000011 0.000010 0.226167 0.052020 0.012457 0.632131
Bar10	Hadza	0.031792 0.016022 0.007158 0.000010 0.223660 0.079837 0.011252 0.630269
Bar13	Hadza	0.005774 0.023810 0.014182 0.000010 0.234743 0.098528 0.008771 0.614182
SA016	Khomani	0.000010 0.000010 0.000010 0.000010 0.948339 0.000010 0.000010 0.051601
SA047	Khomani	0.000010 0.000010 0.000010 0.000010 0.883346 0.000010 0.000010 0.116594
SA010	Khomani	0.000010 0.000010 0.000010 0.000010 0.873532 0.004926 0.000010 0.121492
SA063	Khomani	0.000010 0.000010 0.000010 0.000010 0.828787 0.052725 0.000010 0.118438
SA018	Khomani	0.007765 0.000010 0.000010 0.000010 0.815583 0.000010 0.000010 0.176601
SA1025	Khomani	0.005854 0.005663 0.000017 0.003701 0.762434 0.018701 0.000010 0.203620
SA078	Khomani	0.030070 0.000010 0.011405 0.020705 0.692680 0.241839 0.000010 0.003281
SA073	Khomani	0.003778 0.003430 0.000634 0.011964 0.676846 0.073825 0.021080 0.208442
SA064	Khomani	0.035813 0.007388 0.003946 0.015934 0.661658 0.117928 0.011428 0.145905
SA1004	Khomani	0.031015 0.000010 0.000010 0.000010 0.624193 0.062846 0.000010 0.281906
SA083	Khomani	0.092074 0.013606 0.008712 0.008330 0.606681 0.206109 0.019028 0.045462
BOT5.034	Gana	0.000010 0.002951 0.000010 0.000010 0.818050 0.012226 0.000010 0.166732
BOT6.259	Gana	0.000010 0.000010 0.000010 0.000499 0.752757 0.026712 0.000010 0.219993
BOT6.258	Gana	0.000247 0.000010 0.000010 0.000010 0.677183 0.019710 0.000010 0.302820
BOT6.264	Gana	0.000934 0.000010 0.000010 0.000010 0.624783 0.011087 0.000010 0.363155
BOT5.018	Gana	0.000010 0.000010 0.000010 0.000010 0.623250 0.000010 0.000010 0.376690
BOT5.026	Gana	0.000010 0.000010 0.000680 0.001538 0.576525 0.002464 0.000010 0.418764
BOT5.033	Gana	0.000010 0.000010 0.000010 0.000010 0.551992 0.000010 0.000010 0.447948
BOT5.036	Gana	0.000010 0.000010 0.000010 0.000010 0.534604 0.000010 0.000010 0.465336
BOT6.292	Tshwa	0.000010 0.000010 0.003258 0.000771 0.718972 0.010957 0.000010 0.266013
BOT6.279	Tshwa	0.000194 0.004128 0.000010 0.000010 0.587882 0.006895 0.000010 0.400871
BOT6.278	Tshwa	0.000621 0.003515 0.000288 0.000010 0.583793 0.004991 0.000010 0.406772
BOT6.274	Tshwa	0.013069 0.000010 0.000010 0.000010 0.580916 0.009695 0.001220 0.395069
BOT6.280	Tshwa	0.000010 0.001891 0.000010 0.000010 0.578248 0.006955 0.006861 0.406014
HGDP00986	Biaka	0.000010 0.000010 0.000010 0.000010 0.298869 0.000010 0.000010 0.701071
HGDP00460	Biaka	0.000010 0.000010 0.000011 0.000010 0.300160 0.000010 0.000010 0.699779
HGDP00472	Biaka	0.000010 0.000010 0.000010 0.000010 0.299255 0.000010 0.004421 0.696274
HGDP00470	Biaka	0.000010 0.000010 0.000010 0.000010 0.306481 0.000010 0.000010 0.693459
HGDP00457	Biaka	0.000010 0.000010 0.000010 0.000010 0.314103 0.000010 0.000010 0.685837
HGDP00475	Biaka	0.000010 0.000010 0.000010 0.000010 0.314119 0.000010 0.000010 0.685821
HGDP00459	Biaka	0.000010 0.000013 0.000010 0.000010 0.316765 0.000010 0.000010 0.683172
HGDP01086	Biaka	0.000010 0.000010 0.000054 0.000010 0.318942 0.000010 0.000010 0.680954
HGDP00466	Biaka	0.000010 0.000237 0.000010 0.000010 0.322187 0.000010 0.000010 0.677525
HGDP01090	Biaka	0.000010 0.000010 0.000010 0.000010 0.323698 0.000010 0.000010 0.676242
HGDP00469	Biaka	0.000010 0.000010 0.000010 0.000010 0.324589 0.000010 0.000010 0.675351
HGDP00464	Biaka	0.000010 0.000011 0.000010 0.000010 0.324711 0.000010 0.000010 0.675228
HGDP00985	Biaka	0.000010 0.000010 0.000010 0.000010 0.325776 0.000010 0.000010 0.674164
HGDP00454	Biaka	0.000010 0.000010 0.000010 0.000010 0.326939 0.000010 0.000010 0.673001
HGDP01094	Biaka	0.000010 0.000010 0.000010 0.000010 0.330585 0.000010 0.000010 0.669355
HGDP00465	Biaka	0.000010 0.000010 0.000012 0.000010 0.331961 0.000010 0.000010 0.667977
HGDP00455	Biaka	0.000010 0.000010 0.000010 0.000010 0.333182 0.000010 0.000010 0.666758
HGDP00473	Biaka	0.000010 0.000010 0.000010 0.000010 0.337239 0.000010 0.000010 0.662700
HGDP00461	Biaka	0.000010 0.000010 0.000010 0.000010 0.337777 0.000010 0.000010 0.662163
HGDP00458	Biaka	0.000010 0.000010 0.000010 0.000010 0.338410 0.000010 0.000010 0.661530
NAM115	Xuun	0.000010 0.000014 0.000010 0.002521 0.839908 0.011796 0.001096 0.144645
NAM119	Xuun	0.000010 0.002944 0.000010 0.000010 0.835877 0.016084 0.000010 0.145055
NAM129	Xuun	0.009249 0.000010 0.000617 0.002822 0.819846 0.001869 0.000010 0.165577
NAM188	Xuun	0.000010 0.000010 0.000010 0.000010 0.803038 0.006963 0.000010 0.189949
NAM361	Xuun	0.000010 0.003314 0.000010 0.000010 0.800438 0.000890 0.000010 0.195317
NAM201	Xuun	0.000010 0.000010 0.000010 0.000010 0.786929 0.019635 0.000010 0.193386
NAM107	Xuun	0.000010 0.000010 0.000010 0.000010 0.784250 0.011852 0.003045 0.200813
NAM191	Xuun	0.004104 0.000787 0.000872 0.000010 0.777833 0.000010 0.000010 0.216375
NAM109	Xuun	0.002303 0.000010 0.000010 0.000010 0.753169 0.018901 0.000010 0.225588
