1e-05	0.015231	1e-05	1e-05	1e-05	0.750189	0.018322	0.216218
0.006924	0.00441	1e-05	1e-05	1e-05	0.72656	0.020842	0.241235
0.015133	0.005921	1e-05	1e-05	0.008006	0.722514	0.038973	0.209433
0.021332	1.5e-05	1e-05	1e-05	1e-05	0.722344	0.031519	0.224759
0.042217	0.003261	1e-05	1e-05	1e-05	0.717021	0.021592	0.215878
0.008519	0.015846	0.005608	1e-05	1e-05	0.71568	0.008704	0.245623
0.058424	6.6e-05	1e-05	0.000249	1e-05	0.714681	0.020094	0.206466
0.027912	0.012221	1e-05	1e-05	1e-05	0.696275	0.022796	0.240766
0.081065	0.005546	0.001368	1e-05	0.00962	0.844074	0.013091	0.045226
0.079416	1e-05	1e-05	1e-05	1e-05	0.840962	0.020261	0.059321
0.089889	1e-05	1e-05	1e-05	0.007864	0.835585	0.007388	0.059244
0.102838	1e-05	1e-05	1e-05	1e-05	0.826023	0.011745	0.059355
0.092034	1e-05	1e-05	0.000935	0.003609	0.822805	0.006231	0.074366
0.082529	0.011123	0.009023	1e-05	1e-05	0.821716	1e-05	0.075578
0.119326	0.003826	1e-05	1e-05	0.005575	0.821518	0.006858	0.042877
0.111356	8.4e-05	1e-05	1e-05	1e-05	0.819737	0.01142	0.057373
0.107275	0.00501	1e-05	1e-05	1e-05	0.812318	1e-05	0.075357
1e-05	0.004364	1e-05	1e-05	1e-05	0.758856	0.027991	0.208749
1e-05	0.007094	1e-05	0.009771	1e-05	0.729145	0.007006	0.246953
1e-05	0.027329	1e-05	1e-05	1e-05	0.712191	0.011778	0.248663
1e-05	0.017782	1e-05	0.000361	1e-05	0.70956	0.012576	0.259691
0.028712	0.008123	1e-05	1e-05	2.9e-05	0.690817	0.023709	0.248589
1e-05	0.003862	1e-05	1e-05	1e-05	0.690315	0.058691	0.247092
1e-05	0.009729	1e-05	1e-05	1e-05	0.689159	0.039762	0.26131
1e-05	0.006709	1e-05	1e-05	1e-05	0.709586	0.014501	0.269164
1e-05	0.007067	1e-05	1e-05	1e-05	0.697354	0.025373	0.270166
1e-05	1e-05	1e-05	1e-05	1e-05	0.69478	0.009689	0.295481
1.7e-05	0.007012	1e-05	0.00615	1e-05	0.694778	0.010787	0.281235
1e-05	0.005305	1e-05	1e-05	1e-05	0.691103	0.018559	0.284993
1e-05	1e-05	1e-05	0.004924	1e-05	0.682191	0.005682	0.307163
1.5e-05	0.009797	1e-05	1e-05	0.033155	0.356453	0.026293	0.574266
0.014934	0.002221	1e-05	1e-05	0.031557	0.357502	0.019977	0.573788
0.019981	0.0062	1e-05	1e-05	0.026006	0.375619	1e-05	0.572164
0.000638	0.018366	1e-05	0.009498	0.018912	0.387123	1e-05	0.565443
1e-05	1e-05	1e-05	1e-05	0.032436	0.375029	0.03134	0.561155
0.001768	0.011466	0.00501	1e-05	0.036271	0.362284	0.027465	0.555726
0.030611	1e-05	1e-05	1e-05	0.038818	0.361951	0.013455	0.555136
0.029781	0.011941	1e-05	1e-05	0.015953	0.366903	0.021175	0.554228
1e-05	0.003876	1e-05	1e-05	0.022082	0.392327	0.034378	0.547307
0.012132	0.006136	1e-05	1e-05	0.041892	0.373242	0.021659	0.544919
0.02198	0.025882	1e-05	1e-05	0.020164	0.365845	0.021635	0.544474
0.019057	0.012345	1e-05	1e-05	0.030496	0.381983	0.017505	0.538595
0.019787	0.017061	1e-05	1e-05	0.028513	0.395186	0.021939	0.517494
1e-05	0.008151	1e-05	1e-05	0.056309	0.282239	0.033891	0.61938
0.015733	1e-05	1e-05	1e-05	0.069306	0.289623	0.006413	0.618895
1e-05	0.003387	0.004359	1e-05	0.07962	0.270321	0.03881	0.603483
0.012584	0.003785	0.00044	1e-05	0.045658	0.133938	0.007438	0.796147
1e-05	1e-05	1e-05	1e-05	0.060537	0.143884	0.012132	0.783407
0.002552	0.00134	1e-05	0.010277	0.05193	0.148432	0.002267	0.783192
1e-05	0.002967	1e-05	1e-05	0.05068	0.186807	0.002491	0.757025
0.011072	1e-05	0.005846	1e-05	0.002985	0.074238	1e-05	0.90583
0.001389	0.002796	0.001603	1e-05	1e-05	0.095848	1e-05	0.898333
0.004971	1.2e-05	0.01446	1e-05	0.000701	0.094885	1e-05	0.88495
0.001985	1e-05	0.01387	0.008315	0.022716	0.086506	1e-05	0.866587
0.008319	0.007973	0.008173	0.001746	0.029254	0.085269	0.000212	0.859054
0.000854	0.005416	0.008042	1e-05	0.025571	0.106238	1e-05	0.853859
1e-05	0.008726	0.026555	0.003839	0.031424	0.08345	1e-05	0.845987
0.011963	1e-05	0.019635	0.006955	0.014273	0.115596	1e-05	0.831558
0.010734	0.013184	0.007558	0.002258	0.027358	0.136368	1e-05	0.802529
1e-05	0.0029	0.021372	1e-05	0.016882	0.153826	0.010138	0.794861
0.02545	0.00175	0.01176	0.00468	0.043962	0.149262	1e-05	0.763127
0.055189	0.012478	0.013273	0.040306	0.012071	0.456223	1e-05	0.41045
1e-05	1e-05	0.006036	0.003197	0.040885	0.013625	1e-05	0.936226
1e-05	0.001327	1e-05	1e-05	0.043061	0.017312	0.002363	0.935908
0.001048	1e-05	1e-05	1e-05	0.045797	0.024566	1e-05	0.928549
4.4e-05	0.003452	1e-05	1e-05	0.03474	0.03993	1e-05	0.921804
0.004061	0.003246	0.00244	1e-05	0.04904	0.018557	0.003849	0.918796
1e-05	0.006432	1e-05	1e-05	0.059382	0.026867	1e-05	0.907279
0.007472	0.002012	0.003364	1e-05	0.056084	0.034774	1e-05	0.896274
0.002871	0.010251	1e-05	0.006108	0.049836	0.03864	1e-05	0.892275
1.2e-05	1e-05	1e-05	1e-05	0.042005	0.013204	0.006785	0.937964
1e-05	1e-05	1e-05	1e-05	0.037436	0.025567	1e-05	0.936948
0.007236	0.003266	0.008137	1e-05	0.026121	0.020305	1e-05	0.934915
0.002078	1e-05	1e-05	1e-05	0.04955	0.017635	0.002337	0.928369
1e-05	0.002185	0.003124	1e-05	0.047995	0.010734	0.014186	0.921756
0.005931	0.002863	0.003811	0.001205	0.036224	0.015402	0.013196	0.921368
1e-05	1e-05	0.007949	1e-05	0.025381	1e-05	1e-05	0.96662
1e-05	0.000684	1e-05	1e-05	0.036722	1e-05	1e-05	0.962544
0.005571	1e-05	0.00284	1e-05	0.038207	1e-05	1e-05	0.953342
1e-05	1e-05	1e-05	1e-05	0.048883	1e-05	1e-05	0.951057
1e-05	1e-05	1e-05	0.000285	0.051549	1e-05	0.000561	0.947565
1e-05	0.00023	1e-05	1e-05	0.059172	1e-05	1e-05	0.940548
0.004083	1e-05	1e-05	1e-05	0.056508	1e-05	1e-05	0.939359
0.007535	1e-05	1e-05	1e-05	0.058325	1e-05	1e-05	0.93409
1e-05	1e-05	1e-05	1e-05	0.047878	1e-05	1e-05	0.952062
1e-05	1e-05	1e-05	1e-05	0.05708	1e-05	1e-05	0.94286
1e-05	1e-05	1e-05	1e-05	0.058742	1e-05	1e-05	0.941198
1e-05	1e-05	1e-05	1e-05	0.060785	1e-05	1e-05	0.939155
1e-05	1e-05	1e-05	1e-05	0.061923	1e-05	1e-05	0.938017
1e-05	1e-05	1e-05	1e-05	1e-05	1e-05	1e-05	0.99993
1e-05	1e-05	1e-05	1e-05	1e-05	1e-05	1e-05	0.99993
1e-05	1e-05	1e-05	1e-05	1e-05	1e-05	1e-05	0.99993
1e-05	1e-05	1e-05	1e-05	0.001762	1e-05	1e-05	0.998178
1e-05	0.001004	1e-05	1e-05	0.01	1e-05	1e-05	0.988946
1e-05	1e-05	1e-05	1e-05	0.014677	1e-05	1e-05	0.985263
1e-05	1e-05	1e-05	1e-05	0.016555	1e-05	1e-05	0.983385
1e-05	1e-05	1e-05	1e-05	0.022259	1e-05	1e-05	0.977681
1e-05	0.003204	0.003245	1e-05	0.376936	0.023882	0.002013	0.5907
1e-05	1e-05	1e-05	1e-05	0.402463	0.023754	1e-05	0.573733
1e-05	1e-05	1e-05	1e-05	0.404182	0.029083	1e-05	0.566685
1e-05	1.1e-05	0.003912	1e-05	0.396977	0.033606	0.000116	0.565357
1e-05	0.007832	1e-05	0.003811	0.40054	0.025218	1e-05	0.562569
0.001191	1e-05	0.00762	1e-05	0.418337	0.024644	0.001171	0.547016
0.005017	0.004298	1e-05	1e-05	0.426455	0.018338	1e-05	0.545862
0.000793	1e-05	1e-05	1e-05	0.440133	0.027343	0.003092	0.528609
1e-05	0.005631	1e-05	1e-05	0.861242	0.072629	1e-05	0.060458
1e-05	0.002745	1e-05	1e-05	0.825242	0.067772	0.003284	0.100928
0.005233	0.000544	1e-05	1e-05	0.814409	0.072533	1e-05	0.107251
0.00484	1e-05	1e-05	0.016599	0.763189	0.114534	0.002423	0.098394
0.01332	0.003301	1e-05	1e-05	0.743845	0.057737	1e-05	0.181768
0.004289	0.001019	0.002871	1e-05	0.730576	0.128564	0.011595	0.121077
1e-05	0.001954	6.7e-05	0.003802	0.704426	0.080407	1e-05	0.209325
0.005698	0.005342	0.007634	0.003607	0.69992	0.176526	0.003181	0.098093
0.010497	0.004488	1e-05	1e-05	0.697144	0.056345	0.002294	0.229212
1e-05	0.008593	0.002624	0.017182	0.645993	0.222704	0.002951	0.099944
1e-05	1e-05	1e-05	0.008237	0.639721	0.062134	0.002375	0.287502
0.008531	0.003208	1e-05	0.004937	0.591123	0.131025	0.00609	0.255076
0.013859	0.010211	0.005036	0.008041	0.586021	0.191936	0.014579	0.170317
0.029206	1.6e-05	1e-05	0.010573	0.537267	0.232411	0.007624	0.182892
0.010646	1e-05	1e-05	1e-05	0.480032	0.047261	0.019213	0.442818
0.027372	0.004198	0.001975	0.004314	0.424833	0.051854	1e-05	0.485446
1e-05	1e-05	1e-05	1e-05	0.159964	1e-05	1e-05	0.839976
1e-05	1e-05	1e-05	1e-05	0.204573	1e-05	1e-05	0.795367
1e-05	1e-05	1e-05	1e-05	0.272625	1e-05	1e-05	0.727315
1e-05	1e-05	1e-05	1e-05	0.316153	1e-05	1e-05	0.683787
1e-05	1.2e-05	1e-05	1e-05	0.354872	1e-05	1e-05	0.645066
1e-05	1e-05	1e-05	1e-05	0.049888	1e-05	1e-05	0.950052
1e-05	0.002781	1e-05	1e-05	0.047366	1e-05	1e-05	0.949803
1e-05	1e-05	1e-05	1e-05	0.05864	1e-05	1e-05	0.9413
1e-05	1e-05	1e-05	1e-05	0.06098	1e-05	1e-05	0.93896
1e-05	1e-05	1e-05	1e-05	0.062974	1e-05	1e-05	0.936966
1e-05	1e-05	1e-05	1e-05	0.064571	1e-05	1e-05	0.935369
0.002528	0.00106	1e-05	1e-05	0.071246	1e-05	1e-05	0.925127
1e-05	1e-05	1e-05	1e-05	0.077717	1e-05	1e-05	0.922223
1e-05	0.004417	1e-05	1e-05	0.073524	1e-05	0.001601	0.920418
1e-05	0.002268	1e-05	1e-05	0.102487	0.002474	1e-05	0.892731
1e-05	1e-05	1e-05	1e-05	0.162296	0.001962	1e-05	0.835692
1e-05	1e-05	2e-05	1e-05	0.147539	0.019758	0.005222	0.827431
1e-05	1e-05	1e-05	1e-05	0.948512	1e-05	1e-05	0.051428
1e-05	1e-05	1e-05	1e-05	0.881108	1e-05	1e-05	0.118832
1e-05	1e-05	1e-05	1e-05	0.875794	0.001099	1e-05	0.123058
0.000524	1e-05	1e-05	1e-05	0.827391	0.047986	1e-05	0.124059
0.00366	1e-05	1e-05	1e-05	0.819087	1e-05	1e-05	0.177202
1e-05	0.000239	1e-05	1e-05	0.76282	0.029968	1e-05	0.206933
0.008099	1e-05	0.020541	0.008278	0.67651	0.254915	1e-05	0.031638
0.003269	0.003444	1e-05	1e-05	0.669992	0.066799	0.034509	0.221967
0.019387	0.008788	0.004978	0.00767	0.652142	0.141538	0.014963	0.150534
0.025869	1e-05	0.004106	1e-05	0.614382	0.062464	1e-05	0.293149
0.083197	0.011307	0.011909	0.006219	0.607617	0.215209	0.012343	0.052199
0.005779	5.3e-05	1e-05	1e-05	0.817611	0.008575	1e-05	0.167951
1e-05	0.003265	1e-05	1e-05	0.757693	0.020503	1e-05	0.218499
1e-05	0.001123	1e-05	1e-05	0.681162	0.019901	1e-05	0.297774
0.007943	1e-05	0.001244	1e-05	0.631574	0.004807	1e-05	0.354401
1e-05	1e-05	1e-05	1e-05	0.619627	1e-05	1e-05	0.380313
0.000347	0.002219	1e-05	1e-05	0.571259	0.001803	1e-05	0.424342
0.002524	1e-05	1e-05	1e-05	0.550558	1e-05	1e-05	0.446867
1e-05	1e-05	1e-05	1e-05	0.538329	1e-05	1e-05	0.461611
1e-05	1e-05	1e-05	1e-05	0.294509	1e-05	1e-05	0.705431
1e-05	1e-05	1e-05	1e-05	0.296375	1e-05	1e-05	0.703565
1e-05	1e-05	1e-05	1e-05	0.29792	1e-05	1e-05	0.70202
1e-05	1e-05	1e-05	1e-05	0.303541	1e-05	1e-05	0.696399
1e-05	1e-05	1e-05	1e-05	0.306138	1e-05	1e-05	0.693802
1e-05	0.001536	1e-05	1e-05	0.307817	1e-05	1e-05	0.690598
1e-05	1e-05	1e-05	1e-05	0.313183	1e-05	1e-05	0.686757
1e-05	1e-05	1e-05	1e-05	0.316446	1e-05	1e-05	0.683494
1e-05	1e-05	1e-05	1e-05	0.316982	1e-05	1e-05	0.682958
1e-05	1e-05	1e-05	1e-05	0.317146	1e-05	1e-05	0.682794
1e-05	1e-05	1e-05	1e-05	0.317161	1e-05	1e-05	0.682779
1e-05	1e-05	1e-05	1e-05	0.317727	1e-05	1e-05	0.682213
1e-05	1e-05	1e-05	1e-05	0.318734	1e-05	1e-05	0.681206
1e-05	1e-05	0.00277	1e-05	0.319385	1e-05	0.000444	0.67736
1e-05	1e-05	1e-05	1.1e-05	0.322926	1e-05	1e-05	0.677012
1e-05	1e-05	1e-05	1e-05	0.326703	1e-05	1e-05	0.673237
1e-05	1e-05	1e-05	1e-05	0.330428	1e-05	1e-05	0.669512
1e-05	1e-05	1e-05	1e-05	0.332536	1e-05	1e-05	0.667404
1e-05	1e-05	1e-05	1e-05	0.333464	1e-05	1e-05	0.666476
1e-05	0.000293	1e-05	1e-05	0.336764	1e-05	1e-05	0.662893
0.00472	1e-05	0.000391	0.002205	0.837626	0.011393	1e-05	0.143645
1e-05	0.002315	1e-05	1e-05	0.837089	0.016147	0.001655	0.142763
1e-05	0.00393	1e-05	1e-05	0.835619	0.01137	0.000317	0.148734
1e-05	1e-05	1e-05	1e-05	0.803373	0.006707	1e-05	0.18987
1e-05	1e-05	1e-05	1e-05	0.800447	1e-05	1e-05	0.199493
1e-05	1e-05	0.002297	1e-05	0.790991	1e-05	0.006418	0.200254
1e-05	1e-05	1e-05	0.007658	0.782862	0.01093	1e-05	0.19851
0.001733	1e-05	1e-05	1e-05	0.781593	0.012942	1e-05	0.203691
1e-05	1e-05	1e-05	1e-05	0.766286	0.011633	1e-05	0.222031
0.002782	1e-05	0.001327	1e-05	0.715504	1e-05	1e-05	0.280347
0.00095	1e-05	1.3e-05	1e-05	0.713668	0.010998	1e-05	0.27434
1e-05	0.009914	1e-05	1e-05	0.712174	0.019237	1e-05	0.258634
1e-05	1e-05	1e-05	1e-05	0.711013	0.004631	1e-05	0.284307
1e-05	0.004066	1e-05	1e-05	0.971902	0.004147	1e-05	0.019845
1e-05	1e-05	0.003751	1e-05	0.954987	1e-05	1e-05	0.041211
1e-05	1e-05	1e-05	1e-05	0.952772	0.008801	1e-05	0.038377
1e-05	1e-05	0.000232	1e-05	0.946019	0.003068	1e-05	0.050641
1e-05	1e-05	1e-05	1e-05	0.941105	0.003761	0.005238	0.049856
1e-05	1e-05	1e-05	1e-05	0.925527	0.022779	0.003099	0.048555
1e-05	1e-05	1e-05	1e-05	0.925277	0.010212	1e-05	0.064461
0.008763	1e-05	0.004615	1e-05	0.920734	0.003886	0.003498	0.058484
1e-05	1e-05	1e-05	1e-05	0.90956	1e-05	1e-05	0.09038
1e-05	1e-05	1e-05	1e-05	0.909303	1e-05	1e-05	0.090637
1e-05	1e-05	1e-05	1e-05	0.872083	1e-05	1e-05	0.127857
1e-05	0.002952	1e-05	1e-05	0.859883	1e-05	1e-05	0.137115
1e-05	1e-05	1e-05	1e-05	0.839389	1e-05	1e-05	0.160551
1e-05	1e-05	1e-05	1e-05	0.830393	1e-05	1e-05	0.169547
1e-05	1e-05	1e-05	1e-05	0.813857	1e-05	1e-05	0.186083
0.00521	0.001325	1e-05	1e-05	0.938021	1e-05	1e-05	0.055404
1e-05	1e-05	1e-05	1e-05	0.929931	0.023022	1e-05	0.046997
1e-05	1e-05	1e-05	0.003056	0.922904	1e-05	1e-05	0.07399
1e-05	0.003291	1e-05	1e-05	0.920482	0.003579	0.001804	0.070813
1e-05	1e-05	1e-05	1e-05	0.917981	0.011666	0.006324	0.063989
1e-05	0.006306	1e-05	1e-05	0.910048	0.012277	1e-05	0.071329
0.003125	1e-05	1e-05	1e-05	0.862876	0.010334	1e-05	0.123625
1e-05	1e-05	1e-05	1e-05	0.986451	1e-05	1e-05	0.013489
1e-05	1e-05	1e-05	1e-05	0.984276	0.010825	1e-05	0.004849
1e-05	1e-05	1e-05	1e-05	0.968132	1e-05	1e-05	0.031808
1e-05	1e-05	1e-05	1e-05	0.958801	0.00717	1e-05	0.033979
1e-05	1e-05	1e-05	1e-05	0.957657	1e-05	1e-05	0.042283
1e-05	1e-05	1e-05	1e-05	0.949268	1e-05	0.001946	0.048736
1e-05	1e-05	1e-05	1e-05	0.99993	1e-05	1e-05	1e-05
1e-05	1e-05	1e-05	1e-05	0.99993	1e-05	1e-05	1e-05
1e-05	1e-05	1e-05	1e-05	0.99993	1e-05	1e-05	1e-05
1e-05	1e-05	1e-05	1e-05	0.99993	1e-05	1e-05	1e-05
1e-05	1e-05	1e-05	1e-05	0.99993	1e-05	1e-05	1e-05
1e-05	1e-05	1e-05	1e-05	0.99993	1e-05	1e-05	1e-05
1e-05	1e-05	1e-05	1e-05	0.99993	1e-05	1e-05	1e-05
1e-05	1e-05	1e-05	1e-05	0.99993	1e-05	1e-05	1e-05
1e-05	1e-05	1e-05	1e-05	0.981046	0.003261	1e-05	0.015643
1e-05	1e-05	1e-05	1e-05	0.923596	1e-05	1e-05	0.076344
1e-05	1e-05	1e-05	1e-05	0.856576	1e-05	1e-05	0.143364
1e-05	1e-05	1e-05	1e-05	0.813776	1e-05	1e-05	0.186164
1e-05	1e-05	1e-05	1e-05	0.786974	1e-05	1e-05	0.212966
1e-05	1e-05	1e-05	1e-05	0.769801	1e-05	1e-05	0.230139
1e-05	1e-05	1e-05	1e-05	0.754885	1e-05	1e-05	0.245055
1e-05	1e-05	1e-05	1e-05	0.739923	1.1e-05	1e-05	0.260016
1e-05	0.830947	1e-05	1e-05	1e-05	1e-05	0.168993	1e-05
1e-05	0.827131	1e-05	1e-05	1e-05	1e-05	0.172809	1e-05
1e-05	0.809229	1e-05	1e-05	1e-05	1e-05	0.190711	1e-05
1e-05	0.807874	1e-05	1e-05	1e-05	1e-05	0.192066	1e-05
1e-05	0.807572	0.005204	1e-05	1e-05	1e-05	0.187174	1e-05
1e-05	0.805887	0.010413	1e-05	1e-05	1e-05	0.18365	1e-05
1e-05	0.797186	1e-05	1e-05	1e-05	1e-05	0.202754	1e-05
1e-05	0.797163	1e-05	1e-05	1e-05	1e-05	0.202777	1e-05
1e-05	0.788175	1e-05	1e-05	1e-05	1e-05	0.211765	1e-05
1e-05	0.777718	1e-05	1e-05	1e-05	1e-05	0.222222	1e-05
1e-05	0.99993	1e-05	1e-05	1e-05	1e-05	1e-05	1e-05
1e-05	0.99993	1e-05	1e-05	1e-05	1e-05	1e-05	1e-05
1e-05	0.99993	1e-05	1e-05	1e-05	1e-05	1e-05	1e-05
1e-05	0.99993	1e-05	1e-05	1e-05	1e-05	1e-05	1e-05
1e-05	0.99993	1e-05	1e-05	1e-05	1e-05	1e-05	1e-05
1e-05	0.99993	1e-05	1e-05	1e-05	1e-05	1e-05	1e-05
1e-05	0.99993	1e-05	1e-05	1e-05	1e-05	1e-05	1e-05
1e-05	0.99993	1e-05	1e-05	1e-05	1e-05	1e-05	1e-05
1e-05	0.999929	1e-05	1.1e-05	1e-05	1e-05	1e-05	1e-05
1e-05	0.999928	1e-05	1e-05	1e-05	1e-05	1.2e-05	1e-05
1e-05	0.999928	1e-05	1e-05	1.1e-05	1e-05	1.1e-05	1e-05
1e-05	0.999927	1.1e-05	1e-05	1.1e-05	1e-05	1.1e-05	1e-05
1e-05	0.999927	1e-05	1e-05	1e-05	1e-05	1.3e-05	1e-05
1e-05	0.999926	1e-05	1e-05	1e-05	1.1e-05	1.3e-05	1e-05
1e-05	1e-05	0.736781	0.148886	1e-05	0.114283	1e-05	1e-05
1e-05	1e-05	0.691442	0.152393	1e-05	0.156095	3e-05	1e-05
0.00538	1e-05	0.660821	0.162722	1e-05	0.171037	1e-05	1e-05
1e-05	1e-05	0.636361	0.149049	1e-05	0.21454	1e-05	1e-05
1e-05	1e-05	0.629296	0.142964	1e-05	0.202547	0.025153	1e-05
1e-05	1e-05	0.619645	0.134565	1e-05	0.243873	0.001876	1e-05
0.029859	1.6e-05	0.577339	0.128983	1e-05	0.256879	0.006904	1e-05
0.017885	1e-05	0.573529	0.140136	1e-05	0.261854	0.006565	1e-05
0.023316	1.5e-05	0.572477	0.140462	1e-05	0.246482	0.017227	1e-05
0.020046	0.004022	0.568619	0.145833	1e-05	0.255985	0.005476	1e-05
1e-05	1.6e-05	0.566105	0.148694	1e-05	0.283421	0.001733	1e-05
1e-05	1e-05	0.561753	0.127832	1e-05	0.278618	0.031757	1e-05
0.009725	1e-05	0.559647	0.139382	0.003862	0.287354	1e-05	1e-05
0.017979	1.1e-05	0.549391	0.127857	1e-05	0.298201	0.006541	1e-05
0.025815	1e-05	0.526423	0.149156	1e-05	0.298566	1e-05	1e-05
0.012111	1e-05	0.513955	0.110483	1e-05	0.36341	1e-05	1e-05
0.01716	1e-05	0.409944	0.113724	1e-05	0.459132	1e-05	1e-05
0.015025	1e-05	0.378388	0.088383	1e-05	0.518161	1.3e-05	1e-05
0.01037	1.6e-05	0.378202	0.097035	1e-05	0.514348	1e-05	1e-05
1e-05	0.001253	0.785129	0.040499	1e-05	0.173078	1e-05	1e-05
0.012683	0.000611	0.61976	0.025094	0.005968	0.333445	1e-05	0.00243
1e-05	0.007081	0.614453	0.023942	1e-05	0.34364	1e-05	0.010854
0.004274	1e-05	0.530029	0.03318	1e-05	0.422754	1e-05	0.009734
1e-05	1e-05	0.682945	0.300423	1e-05	0.016574	1.9e-05	1e-05
1e-05	0.005461	0.679313	0.315176	1e-05	1e-05	1e-05	1e-05
0.003896	1e-05	0.678795	0.317259	1e-05	1e-05	1e-05	1e-05
1e-05	1e-05	0.675428	0.320054	1e-05	0.004469	1e-05	1e-05
1e-05	1e-05	0.664471	0.335469	1e-05	1e-05	1e-05	1e-05
1e-05	1e-05	0.660971	0.267292	1e-05	0.071688	1e-05	1e-05
1e-05	0.001205	0.645707	0.304238	1e-05	0.048809	1e-05	1e-05
1e-05	0.002037	0.644372	0.310722	1e-05	0.04283	1e-05	1e-05
1e-05	0.00523	0.644141	0.322684	1e-05	0.027905	1e-05	1e-05
1e-05	1e-05	0.607418	0.278448	1e-05	0.114084	1e-05	1e-05
1e-05	0.000921	0.60287	0.2748	1e-05	0.121369	1e-05	1e-05
0.002926	0.006138	0.581534	0.271283	1e-05	0.138089	1e-05	1e-05
0.006558	0.005019	0.579088	0.295809	1e-05	0.113496	1e-05	1e-05
1e-05	1e-05	0.572602	0.285165	1e-05	0.142183	1e-05	1e-05
1e-05	1e-05	0.570483	0.278029	1e-05	0.151437	1e-05	1e-05
1e-05	0.005249	0.559002	0.273604	1e-05	0.162104	1e-05	1e-05
1e-05	0.001884	0.546674	0.259854	1e-05	0.191548	1e-05	1e-05
1e-05	1e-05	0.541312	0.277065	1e-05	0.181573	1e-05	1e-05
0.003496	0.019153	0.541106	0.225447	1e-05	0.210768	1e-05	1e-05
1e-05	0.003394	0.535344	0.245691	1e-05	0.215531	1e-05	1e-05
1e-05	1e-05	0.534688	0.246657	1e-05	0.218605	1e-05	1e-05
0.012	1e-05	0.529183	0.241736	1e-05	0.21704	1e-05	1e-05
0.019608	0.000852	0.527286	0.251637	1e-05	0.200587	1e-05	1e-05
1e-05	0.00858	0.489118	0.235565	1e-05	0.266697	1e-05	1e-05
1e-05	0.001567	0.486951	0.247282	1e-05	0.264159	1e-05	1e-05
1e-05	0.007297	0.486357	0.235953	1e-05	0.270353	1e-05	1e-05
1e-05	0.011999	0.484306	0.238234	1e-05	0.265421	1e-05	1e-05
0.013215	0.000441	0.465177	0.172501	1e-05	0.348635	1.1e-05	1e-05
0.004787	1e-05	0.46005	0.231705	1e-05	0.303418	1e-05	1e-05
0.005782	0.006307	0.450294	0.19506	1e-05	0.342527	1e-05	1e-05
1e-05	0.002083	0.955694	1e-05	1e-05	0.039013	0.00317	1e-05
1e-05	0.008632	0.844194	0.01201	1e-05	0.118979	0.016156	1e-05
1e-05	1e-05	0.99993	1e-05	1e-05	1e-05	1e-05	1e-05
1e-05	1e-05	0.986526	0.013414	1e-05	1e-05	1e-05	1e-05
1e-05	1e-05	0.97564	0.017756	1.8e-05	0.006546	1e-05	1e-05
1e-05	1e-05	0.972867	0.027073	1e-05	1e-05	1e-05	1e-05
1e-05	1e-05	0.970268	0.016258	1e-05	1e-05	0.013425	1e-05
1e-05	1e-05	0.949654	0.029601	1e-05	0.018067	0.002638	1e-05
1e-05	0.000507	0.943863	0.006271	1e-05	0.028756	0.017464	0.00312
0.003526	0.001021	0.943383	0.020887	1e-05	0.021019	0.010144	1e-05
1e-05	1e-05	0.937552	0.031951	1e-05	0.019227	0.01123	1e-05
1e-05	1e-05	0.93384	0.029799	1e-05	0.021677	0.014644	1e-05
1e-05	1e-05	0.933391	0.001586	1e-05	0.051087	0.010437	0.003468
1e-05	0.002935	0.931741	0.036892	1e-05	0.025676	1e-05	0.002726
0.012797	1e-05	0.926178	0.025497	1e-05	0.032985	0.002513	1e-05
1e-05	1e-05	0.919906	0.033323	1e-05	0.04672	1e-05	1e-05
0.0109	0.003284	0.917798	0.015891	1e-05	0.038448	0.010303	0.003365
0.008208	0.005846	0.917652	0.025635	1e-05	0.039814	0.002825	1e-05
1e-05	1e-05	0.969119	1e-05	0.003138	0.012856	1e-05	0.014847
0.004731	0.004843	0.961422	0.013206	0.001409	0.005634	1e-05	0.008744
0.00091	0.00456	0.956232	0.019739	1e-05	0.018527	1.1e-05	1e-05
0.001908	0.008492	0.945067	0.015784	1e-05	0.022858	0.005871	1e-05
1e-05	1e-05	0.943147	0.0182	0.000404	0.011458	0.009422	0.017348
0.010768	0.009465	0.935735	0.018113	1e-05	0.007575	0.012496	0.005839
1e-05	0.012195	0.934537	0.010829	1e-05	0.016008	0.010905	0.015507
1e-05	0.00478	0.912079	0.006261	1e-05	0.043223	0.018873	0.014765
1e-05	0.006946	0.910962	0.025626	0.008649	0.042199	0.002377	0.003231
0.008429	1e-05	0.884109	0.007968	1e-05	0.087139	0.012325	1e-05
1e-05	1e-05	0.99993	1e-05	1e-05	1e-05	1e-05	1e-05
1e-05	1e-05	0.99993	1e-05	1e-05	1e-05	1e-05	1e-05
1e-05	1e-05	0.99993	1e-05	1e-05	1e-05	1e-05	1e-05
1e-05	1e-05	0.997644	1e-05	1e-05	1e-05	0.002296	1e-05
1e-05	1e-05	0.981911	0.004375	1e-05	0.013663	1e-05	1e-05
1e-05	1e-05	0.99993	1e-05	1e-05	1e-05	1e-05	1e-05
1e-05	1e-05	0.99993	1e-05	1e-05	1e-05	1e-05	1e-05
1e-05	1e-05	0.99993	1e-05	1e-05	1e-05	1e-05	1e-05
1e-05	1e-05	0.99993	1e-05	1e-05	1e-05	1e-05	1e-05
1e-05	1e-05	0.99993	1e-05	1e-05	1e-05	1e-05	1e-05
1e-05	1e-05	0.99993	1e-05	1e-05	1e-05	1e-05	1e-05
1e-05	1e-05	0.99993	1e-05	1e-05	1e-05	1e-05	1e-05
1e-05	1e-05	0.99993	1e-05	1e-05	1e-05	1e-05	1e-05
1e-05	1e-05	0.999344	0.000596	1e-05	1e-05	1e-05	1e-05
1e-05	1e-05	0.99694	0.003	1e-05	1e-05	1e-05	1e-05
1e-05	1e-05	0.994681	0.005259	1e-05	1e-05	1e-05	1e-05
1e-05	1e-05	0.993398	0.006542	1e-05	1e-05	1e-05	1e-05
1e-05	1e-05	0.98638	0.013559	1e-05	1e-05	1e-05	1e-05
1e-05	1e-05	0.97742	0.015248	1.1e-05	1e-05	0.007281	1e-05
1e-05	1e-05	0.99993	1e-05	1e-05	1e-05	1e-05	1e-05
1e-05	1e-05	0.99993	1e-05	1e-05	1e-05	1e-05	1e-05
1e-05	1e-05	0.99993	1e-05	1e-05	1e-05	1e-05	1e-05
1e-05	1e-05	0.99993	1e-05	1e-05	1e-05	1e-05	1e-05
1e-05	1e-05	0.99993	1e-05	1e-05	1e-05	1e-05	1e-05
1e-05	1e-05	0.99993	1e-05	1e-05	1e-05	1e-05	1e-05
1e-05	1e-05	0.99993	1e-05	1e-05	1e-05	1e-05	1e-05
1e-05	1e-05	0.99993	1e-05	1e-05	1e-05	1e-05	1e-05
1e-05	1e-05	0.99993	1e-05	1e-05	1e-05	1e-05	1e-05
1e-05	1e-05	0.99993	1e-05	1e-05	1e-05	1e-05	1e-05
1e-05	1e-05	0.99993	1e-05	1e-05	1e-05	1e-05	1e-05
1e-05	1e-05	0.99993	1e-05	1e-05	1e-05	1e-05	1e-05
0.04133	1e-05	1e-05	0.382769	1e-05	0.124411	0.450477	0.000983
0.012643	0.004704	0.016832	0.370678	1e-05	0.151539	0.443583	1e-05
0.028052	0.006729	0.011095	0.358816	0.001263	0.15245	0.441586	1e-05
0.0591	1e-05	1e-05	0.384279	1e-05	0.124503	0.432077	1e-05
0.026238	1e-05	0.002873	0.399696	1e-05	0.140223	0.43094	1e-05
0.05212	0.000765	0.011905	0.383157	1e-05	0.128723	0.42331	1e-05
0.002713	0.00742	1e-05	0.436526	1e-05	0.131511	0.4218	1e-05
0.0313	0.001047	0.021477	0.374126	1e-05	0.163956	0.408074	1e-05
0.038363	1e-05	1e-05	0.399792	1e-05	0.156537	0.405269	1e-05
0.031704	0.003808	0.021841	0.380952	0.005457	0.155103	0.401125	1e-05
0.194612	0.017617	1.4e-05	0.173643	1e-05	0.369094	0.244999	1e-05
0.169456	0.010465	0.008098	0.181161	1e-05	0.355297	0.275503	1e-05
0.186073	0.001378	0.01776	0.166025	1e-05	0.34349	0.285254	1e-05
0.166997	0.01013	0.021735	0.2091	1e-05	0.332928	0.25909	1e-05
0.16346	0.015777	0.02559	0.20117	1e-05	0.320136	0.273846	1e-05
0.164526	1e-05	0.022534	0.178986	1e-05	0.308356	0.325568	1e-05
0.167007	1e-05	0.015709	0.189459	1e-05	0.305738	0.322056	1e-05
0.137977	0.010352	0.019945	0.195893	1e-05	0.290307	0.345506	1e-05
0.160733	1e-05	0.012027	0.217105	1e-05	0.265684	0.344422	1e-05
0.132553	0.006418	0.011654	0.299072	1e-05	0.233696	0.316588	1e-05
0.20704	0.008577	0.007009	0.080617	1e-05	0.566175	0.125007	0.005566
0.207463	1e-05	0.00585	0.152941	1e-05	0.519016	0.1147	1e-05
0.233892	0.003488	1e-05	0.125389	1e-05	0.491103	0.146099	1e-05
0.244973	0.008478	0.00127	0.138629	1e-05	0.487206	0.119425	1e-05
0.198835	0.01419	0.002269	0.197735	0.00239	0.445948	0.138624	1e-05
0.148992	0.003925	0.025752	0.207395	0.002058	0.424947	0.184026	0.002905
0.09744	0.022201	0.009452	0.234629	0.002493	0.416646	0.217129	1e-05
0.021651	1e-05	0.007619	0.710602	1e-05	0.081198	0.178899	1e-05
0.027789	1e-05	0.025135	0.605195	1e-05	0.144165	0.197686	1e-05
0.032632	0.000774	0.035228	0.59877	1e-05	0.178095	0.154482	1e-05
0.056883	0.01074	0.037291	0.570919	1e-05	0.237493	0.086655	1e-05
0.086455	1e-05	0.057699	0.536687	1e-05	0.198773	0.120355	1e-05
0.041971	1e-05	0.070027	0.535574	1e-05	0.22504	0.127359	1e-05
0.075395	1e-05	0.056591	0.505354	1e-05	0.256204	0.106426	1e-05
0.085247	1e-05	0.08988	0.451689	1e-05	0.295996	0.077158	1e-05
0.06026	1e-05	0.06377	0.450714	1e-05	0.330725	0.094501	1e-05
0.071993	0.011216	0.045232	0.329094	1e-05	0.508609	0.033836	1e-05
0.115001	0.009158	0.048967	0.475799	1e-05	0.30376	0.047295	1e-05
0.077156	1e-05	0.034577	0.474741	1e-05	0.343292	0.070205	1e-05
0.080979	0.004471	0.053483	0.470673	1e-05	0.309055	0.081319	1e-05
0.069624	1e-05	0.074116	0.466922	1e-05	0.319541	0.069768	1e-05
0.080121	0.000447	0.054492	0.457329	1e-05	0.343749	0.063842	1e-05
0.098829	0.012823	0.04409	0.428503	1e-05	0.362339	0.053397	1e-05
0.074785	0.001646	0.056596	0.41075	1e-05	0.393922	0.062282	1e-05
0.078423	1e-05	0.066763	0.372593	1e-05	0.434806	0.047385	1e-05
1e-05	1e-05	1e-05	0.648299	1e-05	1e-05	0.351641	1e-05
1e-05	1e-05	1e-05	0.633099	1e-05	1e-05	0.366841	1e-05
1e-05	1e-05	1e-05	0.613059	1e-05	1.7e-05	0.386874	1e-05
1e-05	1e-05	1e-05	0.605207	1e-05	1e-05	0.394733	1e-05
1e-05	1e-05	1e-05	0.600256	1e-05	1e-05	0.399684	1e-05
1e-05	1e-05	1.6e-05	0.595342	1e-05	1e-05	0.404592	1e-05
1e-05	1e-05	1e-05	0.585072	1e-05	1e-05	0.414868	1e-05
1e-05	1e-05	1e-05	0.582855	1e-05	1e-05	0.417085	1e-05
1e-05	1e-05	1e-05	0.582586	1e-05	1e-05	0.417354	1e-05
1e-05	1e-05	1e-05	0.580773	1e-05	1e-05	0.419167	1e-05
1e-05	1e-05	1e-05	0.579576	1.6e-05	1e-05	0.420358	1e-05
1e-05	0.004669	1e-05	0.573057	1e-05	1e-05	0.422224	1e-05
1e-05	1e-05	1e-05	0.568147	1e-05	1e-05	0.431793	1e-05
1e-05	1e-05	1e-05	0.565709	1e-05	1e-05	0.434231	1e-05
1e-05	1e-05	1e-05	0.55337	1e-05	1e-05	0.44657	1e-05
1e-05	0.00238	1e-05	0.552046	1e-05	1e-05	0.445524	1e-05
1e-05	1e-05	1e-05	0.549256	1e-05	1e-05	0.450684	1e-05
1e-05	0.002618	0.000746	0.545268	1e-05	1e-05	0.451327	1e-05
1e-05	1e-05	1e-05	0.535196	1e-05	1e-05	0.464744	1e-05
1e-05	1e-05	1e-05	0.53422	1.1e-05	1e-05	0.465719	1e-05
1e-05	1e-05	1e-05	0.533153	1e-05	1e-05	0.466787	1e-05
1e-05	1e-05	1e-05	0.532123	1e-05	1e-05	0.467817	1e-05
1e-05	1e-05	0.001903	0.525168	1e-05	1e-05	0.472879	1e-05
1e-05	1e-05	0.004914	0.496959	0.002171	0.006674	0.489253	1e-05
1e-05	0.010423	1e-05	0.450243	1e-05	1e-05	0.539284	1e-05
0.040818	1e-05	0.159934	0.23381	1e-05	0.565398	1e-05	1e-05
0.067814	0.002614	0.179507	0.336105	1e-05	0.41393	1e-05	1e-05
0.028024	1e-05	0.241732	0.328129	1e-05	0.39072	0.011365	1e-05
0.011873	1e-05	0.307061	0.402358	1e-05	0.259902	0.018776	1e-05
0.319186	1e-05	0.026739	0.076656	1e-05	0.577379	1e-05	1e-05
0.300269	1e-05	0.036095	0.073038	1e-05	0.571954	0.018613	1e-05
0.341604	0.002391	0.022867	0.066352	1e-05	0.564749	0.002017	1e-05
0.338224	0.003316	0.036098	0.079674	1e-05	0.542658	1e-05	1e-05
0.38025	0.008851	0.060978	0.02514	1e-05	0.52475	1e-05	1e-05
0.360312	0.024553	0.037156	0.047111	1e-05	0.505056	0.025792	1e-05
0.40841	0.001789	0.036234	0.039026	1e-05	0.499231	0.015289	1e-05
0.384766	0.016855	0.023193	0.061745	1e-05	0.488527	0.024893	1e-05
0.00349	0.009521	1e-05	0.286013	1e-05	0.01233	0.688616	1e-05
0.011848	1e-05	1e-05	0.284609	1e-05	0.02457	0.678933	1e-05
0.007725	1e-05	0.006773	0.298598	1e-05	0.01172	0.675154	1e-05
1e-05	1e-05	1e-05	0.310279	1e-05	0.016036	0.673636	1e-05
0.013205	1e-05	1e-05	0.265021	4.8e-05	0.056745	0.664951	1e-05
0.013588	0.003086	1e-05	0.322568	1e-05	0.002924	0.657804	1e-05
1e-05	0.002994	1e-05	0.309461	1e-05	0.04412	0.643386	1e-05
0.014202	0.003236	1e-05	0.345828	1e-05	0.008968	0.627736	1e-05
1e-05	1e-05	1e-05	0.356682	1e-05	0.026991	0.616277	1e-05
1e-05	1e-05	1e-05	0.431258	1e-05	0.012534	0.556158	1e-05
1e-05	1e-05	0.005341	0.447648	1e-05	0.017707	0.529263	1e-05
1.5e-05	1e-05	1e-05	0.453995	1e-05	0.026922	0.519028	1e-05
1e-05	1e-05	1e-05	0.473981	1e-05	0.009972	0.515996	1e-05
1e-05	1e-05	1e-05	0.524451	1e-05	0.005719	0.46978	1e-05
1e-05	1e-05	1e-05	0.555377	1e-05	0.004756	0.439817	1e-05
1e-05	1e-05	1e-05	0.610385	1e-05	1e-05	0.389555	1e-05
0.000932	0.004519	0.002645	0.344091	1e-05	1e-05	0.647782	1e-05
0.006714	0.005804	1e-05	0.341777	1e-05	1e-05	0.645665	1e-05
0.016829	1e-05	1e-05	0.336151	1e-05	0.007157	0.639822	1e-05
0.015918	0.003672	1.9e-05	0.350465	1e-05	0.015124	0.614782	1e-05
1e-05	1e-05	1e-05	0.414358	1e-05	0.008011	0.577582	1e-05
0.018197	1e-05	1e-05	0.449097	1e-05	0.003545	0.529121	1e-05
1e-05	1e-05	1e-05	0.476559	1e-05	1e-05	0.523381	1e-05
1e-05	1e-05	1e-05	0.498035	1e-05	1e-05	0.501905	1e-05
1e-05	1e-05	1e-05	0.185229	1e-05	1e-05	0.81471	1e-05
1e-05	1e-05	1e-05	0.216621	1e-05	1e-05	0.783319	1e-05
1e-05	1e-05	1e-05	0.21671	1e-05	1e-05	0.78323	1e-05
1e-05	1e-05	1e-05	0.22351	1e-05	1e-05	0.77643	1e-05
1e-05	1e-05	1e-05	0.223615	1e-05	1e-05	0.776325	1e-05
1e-05	1e-05	1e-05	0.227603	1e-05	1e-05	0.772337	1e-05
1e-05	0.007072	0.006499	0.115211	1e-05	1e-05	0.871178	1e-05
0.011902	0.014106	1e-05	0.171651	1e-05	1e-05	0.802301	1e-05
0.009489	0.001542	0.001677	0.185225	1e-05	1e-05	0.802036	1e-05
0.013288	0.017615	1e-05	0.169462	1e-05	1e-05	0.799595	1e-05
0.002155	0.022504	1e-05	0.185072	1e-05	1e-05	0.790229	1e-05
0.006777	0.017285	1e-05	0.190138	1e-05	1e-05	0.78576	1e-05
0.018533	0.001011	0.009711	0.187252	0.000102	1e-05	0.783371	1e-05
0.020024	0.017301	0.004337	0.187073	1e-05	1e-05	0.771236	1e-05
0.016996	0.019158	1.3e-05	0.199695	1e-05	1e-05	0.764109	1e-05
0.016583	0.024566	1e-05	0.237747	1e-05	1e-05	0.721064	1e-05
1e-05	1e-05	0.000368	0.098254	1e-05	1e-05	0.901328	1e-05
1e-05	0.014792	1e-05	0.094077	1e-05	1e-05	0.891081	1e-05
1e-05	1e-05	1e-05	0.115043	1e-05	1e-05	0.884897	1e-05
1e-05	0.00707	0.00309	0.105006	1e-05	1.6e-05	0.884788	1e-05
1e-05	0.003604	1e-05	0.117972	1e-05	1e-05	0.878374	1e-05
1e-05	0.002132	0.00983	0.127798	1e-05	1e-05	0.8602	1e-05
1e-05	0.004452	0.001001	0.13684	1e-05	1e-05	0.857667	1e-05
1e-05	1e-05	1e-05	0.146449	1e-05	1e-05	0.853491	1e-05
1e-05	1e-05	1e-05	0.147035	1e-05	1e-05	0.852905	1e-05
1e-05	0.007668	1e-05	0.154591	1e-05	1e-05	0.837691	1e-05
1e-05	0.011186	1e-05	0.18611	1e-05	1e-05	0.802653	1e-05
0.006191	0.022659	1e-05	0.175002	1e-05	1e-05	0.796108	1e-05
0.018108	0.005877	1e-05	0.193811	1e-05	1e-05	0.782164	1e-05
0.027303	0.012491	1e-05	0.178537	1e-05	1e-05	0.781629	1e-05
0.025652	0.001022	1e-05	0.195206	1e-05	1e-05	0.77808	1e-05
0.009481	0.02145	1e-05	0.192297	1e-05	1e-05	0.776733	1e-05
0.011152	0.010674	1e-05	0.205201	1e-05	1e-05	0.772934	1e-05
0.008643	0.01405	1e-05	0.225624	1e-05	1e-05	0.751644	1e-05
1e-05	0.025254	1e-05	0.223867	1e-05	1e-05	0.750829	1e-05
1e-05	0.000874	0.019181	0.184537	1e-05	0.000748	0.79463	1e-05
1e-05	1e-05	1e-05	0.210532	1e-05	1e-05	0.789408	1e-05
1e-05	1.2e-05	1e-05	0.210721	1e-05	1e-05	0.789217	1e-05
1.6e-05	1e-05	0.003881	0.208098	1e-05	1e-05	0.787965	1e-05
1e-05	1e-05	1e-05	0.213561	1e-05	1e-05	0.786379	1e-05
1e-05	1e-05	1e-05	0.214373	1e-05	1e-05	0.785567	1e-05
1e-05	0.009459	1e-05	0.207813	1e-05	1e-05	0.782678	1e-05
1e-05	0.00258	1e-05	0.223484	1.1e-05	1e-05	0.773885	1e-05
1e-05	0.014462	1e-05	0.212746	1e-05	1e-05	0.772742	1e-05
1e-05	1.5e-05	1e-05	0.226088	0.001736	1e-05	0.772121	1e-05
1e-05	1e-05	1e-05	0.2291	1e-05	1e-05	0.77084	1e-05
1e-05	0.009561	0.007248	0.215145	1e-05	1e-05	0.768006	1e-05
1e-05	1e-05	0.007907	0.225614	1e-05	1e-05	0.766429	1e-05
1e-05	0.009145	0.019291	0.205312	1e-05	1e-05	0.766212	1e-05
1e-05	1e-05	1e-05	0.233955	1e-05	1e-05	0.765985	1e-05
1e-05	1e-05	1e-05	0.23458	1e-05	1e-05	0.76536	1e-05
1e-05	0.006771	1e-05	0.228507	1e-05	1e-05	0.764672	1e-05
1e-05	1e-05	1e-05	0.236754	1e-05	1e-05	0.763186	1e-05
1e-05	0.003037	1e-05	0.234903	1.1e-05	1e-05	0.762009	1e-05
1e-05	0.001619	0.012326	0.2267	1e-05	1e-05	0.759314	1e-05
1e-05	1e-05	1e-05	0.241409	1e-05	1e-05	0.758531	1e-05
1e-05	0.005828	1e-05	0.236771	1.1e-05	1e-05	0.75735	1e-05
1e-05	0.004083	0.013335	0.223857	1e-05	0.001004	0.756733	0.000969
1e-05	0.009703	1e-05	0.237147	1e-05	1e-05	0.7531	1e-05
1e-05	1e-05	1e-05	0.246904	1e-05	1e-05	0.753036	1e-05
0.00136	1e-05	0.001128	0.245997	1e-05	1e-05	0.751476	1e-05
1e-05	1e-05	1e-05	0.250632	1e-05	1e-05	0.749308	1e-05
1e-05	0.007598	1e-05	0.248497	1e-05	1e-05	0.743856	1e-05
1e-05	0.009642	1e-05	0.249111	1e-05	1e-05	0.741197	1e-05
0.036151	0.00682	1e-05	0.023422	1e-05	0.003607	0.929969	1e-05
0.00797	0.017282	0.002917	0.0534	1e-05	1e-05	0.9184	1e-05
0.012097	0.009158	0.006371	0.043886	1e-05	0.008104	0.912962	0.007411
0.035594	0.028124	1e-05	0.02985	1e-05	1e-05	0.906391	1e-05
0.046761	0.006691	1e-05	0.044362	1e-05	1e-05	0.902146	1e-05
0.031797	0.000759	0.023197	0.044795	1e-05	1e-05	0.899421	1e-05
0.030714	0.024845	0.007913	0.052033	1e-05	1e-05	0.884466	1e-05
0.049583	0.025445	1.2e-05	0.053243	1e-05	0.002612	0.869085	1e-05
0.041198	0.025198	0.007417	0.029702	0.001502	1e-05	0.894965	1e-05
0.097713	0.029463	1e-05	0.048789	0.000838	0.021451	0.796907	0.004829
0.051524	0.030948	0.024293	0.078268	1e-05	0.019879	0.795068	1e-05
0.153397	0.029069	0.005385	0.031239	1e-05	0.018417	0.762473	1e-05
0.140624	0.045088	0.004112	0.045969	1e-05	0.020845	0.743341	1e-05
0.171815	0.034709	0.011499	0.01399	1e-05	0.025595	0.742373	1e-05
0.189286	0.049268	1e-05	0.010822	1e-05	0.014648	0.735946	1e-05
0.157973	0.046495	1e-05	0.021795	0.000109	0.039065	0.734543	1e-05
0.165672	0.052395	0.020151	0.018767	1e-05	0.020697	0.722299	1e-05
0.140339	0.046707	0.002246	0.036462	1e-05	0.045396	0.720435	0.008405
1e-05	1e-05	1e-05	0.085599	1e-05	1e-05	0.914341	1e-05
1e-05	0.006027	1e-05	0.090929	1e-05	1e-05	0.902994	1e-05
1e-05	0.000448	1e-05	0.097778	1e-05	1e-05	0.901724	1e-05
1e-05	1.1e-05	1e-05	0.098478	1e-05	1e-05	0.901461	1e-05
1e-05	0.00255	0.01032	0.087728	1e-05	1e-05	0.899363	1e-05
1e-05	1e-05	0.007189	0.094684	1e-05	1e-05	0.898077	1e-05
1e-05	1e-05	1e-05	0.106465	1e-05	1e-05	0.893475	1e-05
1e-05	0.007606	1.6e-05	0.100617	1e-05	1e-05	0.891721	1e-05
1e-05	1e-05	0.003301	0.109927	1e-05	1e-05	0.886722	1e-05
1e-05	0.014057	1e-05	0.106798	1e-05	1e-05	0.879095	1e-05
0.00962	0.010241	1e-05	0.040295	1e-05	1e-05	0.939804	1e-05
0.026872	0.007047	1e-05	0.028683	1e-05	1e-05	0.937359	1e-05
0.012609	0.013302	0.002493	0.037174	1e-05	1e-05	0.934392	1e-05
0.016095	0.017965	0.003576	0.028695	1e-05	1e-05	0.933639	1e-05
0.01027	0.024809	0.011322	0.023376	1e-05	1e-05	0.930192	1e-05
0.027893	0.004377	1e-05	0.041002	1e-05	1e-05	0.926687	1e-05
0.012178	0.015755	0.012921	0.034977	1e-05	1e-05	0.924139	1e-05
0.012889	0.012871	0.000586	0.063038	1e-05	1e-05	0.910586	1e-05
0.007732	0.022058	1e-05	0.059774	1e-05	1e-05	0.910396	1e-05
0.035019	0.024626	1e-05	0.042659	1e-05	1e-05	0.897656	1e-05
0.012056	0.018779	0.01697	0.064754	1e-05	1e-05	0.887412	1e-05
0.023528	0.021327	1e-05	0.074053	1e-05	1e-05	0.881053	1e-05
0.011081	0.024702	1e-05	0.083411	1e-05	1e-05	0.880765	1e-05
0.017021	0.022358	0.001766	0.081266	1e-05	1e-05	0.877559	1e-05
0.022115	0.034562	0.005223	0.065499	1e-05	0.004445	0.868137	1e-05
0.006568	0.017917	0.031753	0.076953	1e-05	1e-05	0.866779	1e-05
0.017662	0.037993	1e-05	0.080834	1e-05	1e-05	0.863472	1e-05
0.028502	0.013904	1.7e-05	0.096916	1e-05	1e-05	0.86063	1e-05
1e-05	1e-05	1e-05	1e-05	1e-05	1e-05	0.99993	1e-05
1e-05	1e-05	1e-05	1e-05	1e-05	1e-05	0.99993	1e-05
1e-05	1e-05	1e-05	1e-05	1e-05	1e-05	0.99993	1e-05
1e-05	1e-05	1e-05	1e-05	1e-05	1e-05	0.99993	1e-05
1e-05	1e-05	1e-05	1e-05	1e-05	1e-05	0.99993	1e-05
1e-05	1.2e-05	1e-05	1e-05	1e-05	1e-05	0.999928	1e-05
1e-05	0.002738	0.000125	1e-05	1e-05	1e-05	0.997087	1e-05
1e-05	0.00369	1e-05	1e-05	1e-05	1e-05	0.99625	1e-05
1e-05	0.004487	1e-05	1e-05	1e-05	1e-05	0.995453	1e-05
1e-05	1e-05	0.008037	1e-05	1e-05	1e-05	0.991903	1e-05
1e-05	1e-05	1e-05	1e-05	1e-05	1e-05	0.99993	1e-05
1e-05	1e-05	1e-05	1e-05	1e-05	1e-05	0.99993	1e-05
1e-05	1e-05	1e-05	1e-05	1e-05	1e-05	0.99993	1e-05
1e-05	1e-05	1e-05	1e-05	1e-05	1e-05	0.99993	1e-05
1e-05	1e-05	1e-05	1e-05	1e-05	1e-05	0.99993	1e-05
1e-05	1e-05	0.002729	1e-05	1e-05	1e-05	0.997211	1e-05
1e-05	0.004128	1e-05	1e-05	1e-05	1e-05	0.995812	1e-05
1e-05	0.006071	1e-05	1e-05	1e-05	1e-05	0.993869	1e-05
1e-05	0.007956	7.6e-05	1e-05	1e-05	1e-05	0.991918	1e-05
0.073	0.020415	1e-05	0.144611	1e-05	0.013414	0.748529	1e-05
0.078611	0.035165	0.002957	0.134834	1e-05	1e-05	0.742571	0.005841
0.153255	0.034314	0.012784	0.101469	1e-05	0.003399	0.694759	1e-05
0.156171	0.053247	1e-05	0.106787	1e-05	0.012489	0.671276	1e-05
0.148176	0.043223	0.009819	0.107787	1e-05	0.026549	0.664427	1e-05
0.153339	0.050826	0.005941	0.135774	1e-05	0.003095	0.651004	1e-05
0.170649	0.040936	0.009326	0.09851	1.3e-05	0.036124	0.644432	1e-05
0.162464	0.039629	0.001182	0.116583	1e-05	0.036854	0.643268	1e-05
0.209371	0.045161	0.005304	0.067617	1e-05	0.056455	0.616071	1e-05
0.268243	0.070363	0.008179	0.076464	1e-05	0.015605	0.561126	1e-05
0.036033	0.040703	0.022339	1e-05	1e-05	0.015742	0.885153	1e-05
0.052593	0.02493	0.018107	0.020006	1e-05	0.005654	0.87869	1e-05
0.039559	0.031788	1e-05	0.035764	1e-05	0.033475	0.859383	1e-05
0.02969	0.052506	1e-05	0.022574	0.004014	0.027201	0.858517	0.005487
0.030266	0.058137	1.9e-05	0.005963	1e-05	0.0871	0.810806	0.007698
0.082807	0.060862	1e-05	1e-05	1e-05	1e-05	0.856281	1e-05
0.084598	0.059836	0.00777	1e-05	1e-05	1e-05	0.847756	1e-05
0.068959	0.086778	0.001162	1e-05	1e-05	0.020187	0.822885	1e-05
0.103317	0.064157	0.017747	1e-05	1.4e-05	0.013263	0.801482	1e-05
0.131317	0.071202	0.004064	0.002189	1e-05	0.006579	0.784629	1e-05
0.115428	0.082552	1e-05	1e-05	1e-05	0.028953	0.773027	1e-05
0.137741	0.071819	0.021679	1e-05	1e-05	0.025964	0.742767	1e-05
0.148197	0.063489	0.002648	0.009351	1.5e-05	0.042325	0.733964	1e-05
0.230418	0.059795	0.009877	0.027736	1e-05	0.034708	0.637446	1e-05
0.023971	0.030992	1e-05	1e-05	1e-05	0.003492	0.941504	1e-05
0.020762	0.050895	1e-05	1e-05	1e-05	1e-05	0.928294	1e-05
1e-05	1e-05	1e-05	1e-05	1e-05	1e-05	0.99993	1e-05
1e-05	1e-05	1e-05	1e-05	1e-05	1e-05	0.99993	1e-05
1e-05	1e-05	1e-05	1e-05	1e-05	1e-05	0.99993	1e-05
1e-05	1e-05	1e-05	1e-05	1e-05	1e-05	0.99993	1e-05
1e-05	1e-05	1e-05	1e-05	1e-05	1e-05	0.99993	1e-05
1e-05	0.000624	1e-05	1e-05	1e-05	1e-05	0.999316	1e-05
1e-05	0.000667	1e-05	1e-05	1e-05	1e-05	0.999273	1e-05
1e-05	0.008294	1e-05	1e-05	1e-05	1e-05	0.991646	1e-05
1e-05	0.008384	0.001177	1e-05	1e-05	1e-05	0.990389	1e-05
1e-05	0.019671	0.01849	1e-05	0.000361	0.013533	0.947915	1e-05
0.668398	0.063535	0.010783	1e-05	1e-05	0.10481	0.152443	1e-05
0.644707	0.052228	0.036889	0.014956	1e-05	0.107662	0.143539	1e-05
0.640906	0.066421	0.001692	0.012281	1e-05	0.109468	0.169212	1e-05
0.629512	0.064357	0.003126	0.024727	1e-05	0.104056	0.174202	1e-05
0.601296	0.064146	0.016152	0.007799	1e-05	0.129544	0.181044	1e-05
0.595375	0.056107	0.029278	0.015777	1e-05	0.133474	0.16997	1e-05
0.585232	0.074734	0.023688	0.028476	1e-05	0.117102	0.170748	1e-05
0.534219	0.015828	0.007311	0.054512	1e-05	0.30175	0.086361	1e-05
0.532225	0.012247	0.029897	0.065847	1e-05	0.315673	0.044091	1e-05
0.520561	0.021254	0.043278	0.033904	1e-05	0.334284	0.0467	1e-05
0.514981	0.029905	0.007433	0.055104	1e-05	0.299967	0.09259	1e-05
0.514684	0.017096	0.032541	0.060322	1.8e-05	0.314242	0.061086	1e-05
0.513095	0.021115	0.026103	0.048564	1e-05	0.309461	0.081641	1e-05
0.512115	0.013286	0.018751	0.065691	1e-05	0.29855	0.091587	1e-05
0.502084	0.024374	0.028565	0.058558	1e-05	0.316301	0.070098	1e-05
0.501981	0.025007	0.023979	0.067293	1e-05	0.307413	0.074306	1e-05
0.499838	0.036036	0.028012	0.054227	1e-05	0.327082	0.054785	1e-05
0.499236	0.036716	0.0199	0.056656	1e-05	0.328414	0.059058	1e-05
0.497518	0.01702	0.029054	0.081439	1e-05	0.324745	0.050204	1e-05
0.496971	0.014655	0.020551	0.047486	1e-05	0.326288	0.09403	1e-05
0.490571	0.007993	0.015031	0.07371	1e-05	0.340356	0.07232	1e-05
0.488909	0.036113	0.025166	0.069246	1e-05	0.293702	0.086845	1e-05
0.483396	0.012637	0.048861	0.038346	1e-05	0.328778	0.087962	1e-05
0.481533	0.03241	0.030453	0.079696	0.001444	0.318331	0.056122	1e-05
0.481248	0.0229	0.021834	0.059988	1e-05	0.326801	0.087209	1e-05
0.480817	0.030733	0.008129	0.044148	1e-05	0.342268	0.093885	1e-05
0.479143	0.02128	0.004553	0.093726	1.4e-05	0.320508	0.080766	1e-05
0.476071	0.020029	0.046014	0.055324	1e-05	0.331154	0.071388	1e-05
0.475466	0.012731	0.025337	0.065364	1e-05	0.343923	0.07716	1e-05
0.452504	0.02896	0.029199	0.068453	1e-05	0.356281	0.064584	1e-05
0.662078	0.049173	0.006332	0.024577	1e-05	0.212576	0.045245	1e-05
0.660023	0.057799	0.02209	0.004778	1e-05	0.182135	0.073155	1e-05
0.659861	0.055485	0.008107	0.01899	1e-05	0.206376	0.051161	1e-05
