0.031130	0.873822	0.000010	0.000010	0.000010	0.034203	0.060805	0.000010
0.030989	0.871314	0.000010	0.000010	0.000010	0.020943	0.076715	0.000010
0.053236	0.843265	0.000010	0.000010	0.000010	0.013250	0.090210	0.000010
0.000010	0.000010	0.000010	0.096013	0.000010	0.903927	0.000010	0.000010
0.000010	0.002603	0.000010	0.112261	0.000010	0.885085	0.000010	0.000010
0.000010	0.000010	0.000010	0.117523	0.000010	0.882417	0.000010	0.000010
0.000010	0.000010	0.000010	0.137951	0.000010	0.861989	0.000010	0.000010
0.000010	0.000010	0.000010	0.144920	0.000010	0.855020	0.000010	0.000010
0.000010	0.000010	0.000010	0.150064	0.000010	0.849876	0.000010	0.000010
0.000010	0.000010	0.000010	0.153431	0.000010	0.846509	0.000010	0.000010
0.000010	0.000010	0.000010	0.153920	0.000010	0.846020	0.000010	0.000010
0.000010	0.000010	0.000010	0.159510	0.000010	0.840430	0.000010	0.000010
0.000010	0.000010	0.000010	0.159845	0.000010	0.840095	0.000010	0.000010
0.000010	0.000010	0.000010	0.160821	0.000010	0.839119	0.000010	0.000010
0.000010	0.000010	0.000010	0.162071	0.000010	0.837869	0.000010	0.000010
0.000010	0.000010	0.000010	0.166350	0.000010	0.833590	0.000010	0.000010
0.000010	0.001625	0.000010	0.165452	0.000010	0.832873	0.000010	0.000010
0.000010	0.000010	0.000010	0.168517	0.000010	0.831423	0.000010	0.000010
0.000010	0.000010	0.000010	0.170101	0.000010	0.829839	0.000010	0.000010
0.000010	0.000010	0.000010	0.172612	0.000010	0.827328	0.000010	0.000010
0.000010	0.000010	0.011356	0.172931	0.000010	0.815663	0.000010	0.000010
0.000010	0.000010	0.000010	0.189135	0.000010	0.810805	0.000010	0.000010
0.000010	0.000010	0.000010	0.189171	0.000010	0.810769	0.000010	0.000010
0.000010	0.000010	0.000010	0.209200	0.000010	0.790740	0.000010	0.000010
0.000010	0.000010	0.000010	0.210257	0.000010	0.789683	0.000010	0.000010
0.000010	0.000010	0.000010	0.220323	0.000010	0.779617	0.000010	0.000010
0.010210	0.015011	0.000010	0.005379	0.000010	0.024540	0.944830	0.000010
0.003716	0.019749	0.000010	0.009876	0.000010	0.024084	0.942546	0.000010
0.022629	0.018171	0.000010	0.003405	0.000010	0.021796	0.933969	0.000010
0.009050	0.019998	0.000010	0.003315	0.000010	0.033661	0.933946	0.000010
0.018541	0.018545	0.000010	0.000010	0.000010	0.029904	0.932970	0.000010
0.001449	0.018778	0.000010	0.003161	0.000010	0.050135	0.926447	0.000010
0.000010	0.023103	0.000010	0.000010	0.000010	0.051326	0.925521	0.000010
0.033014	0.004670	0.000010	0.000010	0.000010	0.042685	0.919591	0.000010
0.011302	0.016748	0.000010	0.016939	0.000010	0.042719	0.912262	0.000010
0.018783	0.027386	0.000010	0.000010	0.000010	0.042334	0.911457	0.000010
0.000010	0.000010	0.000010	0.191888	0.000010	0.808052	0.000010	0.000010
0.000010	0.000010	0.000010	0.235562	0.000010	0.764378	0.000010	0.000010
0.000010	0.000010	0.000010	0.243200	0.000010	0.756740	0.000010	0.000010
0.000010	0.000010	0.000010	0.270113	0.000010	0.729827	0.000010	0.000010
0.000010	0.000010	0.000010	0.272656	0.000010	0.727284	0.000010	0.000010
0.000010	0.000010	0.000010	0.275433	0.000010	0.724507	0.000010	0.000010
0.000010	0.000010	0.000010	0.276565	0.000010	0.723375	0.000010	0.000010
0.000010	0.000010	0.000010	0.279560	0.000010	0.720380	0.000010	0.000010
0.000010	0.000010	0.000010	0.282957	0.000010	0.716983	0.000010	0.000010
0.000010	0.000010	0.000010	0.283954	0.000010	0.715986	0.000010	0.000010
0.000010	0.000010	0.000010	0.284546	0.000010	0.715394	0.000010	0.000010
0.000010	0.000010	0.000010	0.284570	0.000010	0.715370	0.000010	0.000010
0.000010	0.000010	0.000010	0.288780	0.000010	0.711160	0.000010	0.000010
0.000010	0.000010	0.000010	0.288986	0.000010	0.710954	0.000010	0.000010
0.000010	0.000010	0.000010	0.291403	0.000010	0.708537	0.000010	0.000010
0.000010	0.000013	0.000010	0.291715	0.000010	0.708222	0.000010	0.000010
0.000010	0.000010	0.000010	0.298717	0.000010	0.701223	0.000010	0.000010
0.000010	0.000010	0.000010	0.298804	0.000010	0.701136	0.000010	0.000010
0.000010	0.000010	0.000010	0.302439	0.000010	0.697501	0.000010	0.000010
0.000010	0.000010	0.000010	0.306559	0.000010	0.693381	0.000010	0.000010
0.000010	0.000010	0.000010	0.308827	0.000010	0.691113	0.000010	0.000010
0.000010	0.000010	0.000010	0.315339	0.000010	0.684601	0.000010	0.000010
0.016719	0.000010	0.934240	0.011793	0.000010	0.037208	0.000010	0.000010
0.024684	0.000010	0.924703	0.013310	0.001513	0.022629	0.013141	0.000010
0.029398	0.007025	0.919840	0.007024	0.000010	0.036683	0.000010	0.000010
0.031910	0.001666	0.913973	0.024458	0.004997	0.022574	0.000010	0.000413
0.026513	0.007491	0.910950	0.018832	0.000010	0.036184	0.000010	0.000010
0.045301	0.000010	0.910813	0.002558	0.000010	0.041017	0.000010	0.000280
0.048653	0.000010	0.910290	0.009278	0.000010	0.031739	0.000010	0.000010
0.034286	0.010008	0.908659	0.016669	0.000010	0.030348	0.000010	0.000010
0.047110	0.000010	0.906858	0.015050	0.003173	0.027779	0.000010	0.000010
0.044125	0.007973	0.906336	0.012996	0.000780	0.027769	0.000010	0.000010
0.050866	0.000010	0.904647	0.020861	0.000010	0.023587	0.000010	0.000010
0.044506	0.000010	0.904316	0.020502	0.000010	0.030636	0.000010	0.000010
0.048067	0.008989	0.901236	0.011878	0.000428	0.029382	0.000010	0.000010
0.056472	0.021069	0.897836	0.000010	0.002685	0.018289	0.001320	0.002320
0.028569	0.000035	0.896761	0.040175	0.000352	0.029266	0.000662	0.004180
0.033435	0.000010	0.894600	0.027983	0.000010	0.043941	0.000010	0.000010
0.056469	0.001305	0.893177	0.021984	0.000010	0.027034	0.000010	0.000010
0.046290	0.004902	0.890175	0.020243	0.000010	0.027665	0.008933	0.001781
0.060743	0.000010	0.888924	0.025373	0.000010	0.024921	0.000010	0.000010
0.052145	0.006938	0.887978	0.013650	0.000010	0.035157	0.000010	0.004112
0.060364	0.002161	0.880498	0.021673	0.003656	0.031627	0.000010	0.000010
0.048405	0.002341	0.879051	0.041919	0.000010	0.025319	0.000010	0.002945
0.065583	0.000010	0.878872	0.031235	0.000010	0.024270	0.000010	0.000010
0.063532	0.017025	0.870185	0.025620	0.000010	0.023607	0.000010	0.000010
0.087539	0.006365	0.856164	0.022671	0.000010	0.027231	0.000010	0.000010
0.000010	0.005812	0.951902	0.000010	0.000010	0.030470	0.011777	0.000010
0.000010	0.002902	0.941926	0.023173	0.000010	0.026953	0.000010	0.005017
0.014890	0.010991	0.939681	0.010830	0.000010	0.020514	0.000010	0.003074
0.000010	0.006171	0.935337	0.010548	0.002916	0.044998	0.000010	0.000010
0.003526	0.004642	0.929864	0.021836	0.000010	0.037576	0.000010	0.002536
0.002056	0.000010	0.928887	0.015573	0.000307	0.042053	0.011103	0.000010
0.032164	0.000770	0.914215	0.000012	0.000010	0.036775	0.011428	0.004627
0.002416	0.011876	0.013317	0.000010	0.000010	0.141022	0.831339	0.000010
0.000010	0.000010	0.029668	0.000010	0.000010	0.157380	0.812901	0.000010
0.013685	0.000010	0.001432	0.000010	0.000010	0.176322	0.808521	0.000010
0.000010	0.011249	0.024952	0.002657	0.000010	0.159444	0.801668	0.000010
0.000010	0.000010	0.017015	0.000010	0.000010	0.185902	0.797033	0.000010
0.000010	0.000010	0.000010	0.000010	0.000010	0.205461	0.794479	0.000010
0.015795	0.000010	0.014539	0.002287	0.000010	0.176876	0.790473	0.000010
0.010221	0.000010	0.009682	0.000010	0.000010	0.194828	0.785228	0.000010
0.000010	0.000010	0.017399	0.001277	0.000010	0.197823	0.783461	0.000010
0.006944	0.003488	0.017716	0.000010	0.000010	0.195024	0.776799	0.000010
0.000010	0.002949	0.000010	0.000635	0.000010	0.053077	0.943299	0.000010
0.000010	0.007489	0.000010	0.001135	0.000010	0.056624	0.934712	0.000010
0.000010	0.000010	0.000010	0.010731	0.000010	0.065280	0.923939	0.000010
0.000010	0.001123	0.000010	0.000010	0.000010	0.076238	0.922589	0.000010
0.000010	0.004145	0.000010	0.008095	0.000010	0.066685	0.921035	0.000010
0.000010	0.000010	0.000010	0.000010	0.000010	0.079598	0.920342	0.000010
0.000010	0.000010	0.000010	0.000010	0.000010	0.081138	0.918802	0.000010
0.000010	0.001004	0.000010	0.000010	0.000010	0.080316	0.918630	0.000010
0.000010	0.004527	0.000010	0.001243	0.000010	0.078036	0.916154	0.000010
0.000010	0.003976	0.000010	0.000010	0.000010	0.086223	0.909751	0.000010
0.000010	0.000010	0.000010	0.000010	0.000010	0.090307	0.909633	0.000010
0.006170	0.009613	0.000010	0.001320	0.000010	0.078422	0.904445	0.000010
0.000010	0.000010	0.000010	0.000010	0.000010	0.095640	0.904300	0.000010
0.000010	0.000010	0.000010	0.000010	0.000010	0.098879	0.901061	0.000010
0.000010	0.000010	0.000010	0.000010	0.000010	0.100418	0.899522	0.000010
0.000010	0.006965	0.000010	0.000010	0.000010	0.093696	0.899289	0.000010
0.000010	0.000871	0.011347	0.000010	0.000010	0.094410	0.893333	0.000010
0.000010	0.000777	0.000010	0.000010	0.000010	0.108361	0.890813	0.000010
0.017431	0.000010	0.000010	0.004259	0.000010	0.094787	0.883483	0.000010
0.000010	0.000033	0.000010	0.000010	0.000010	0.119127	0.880790	0.000010
0.000010	0.000010	0.000010	0.000010	0.000010	0.119224	0.880716	0.000010
0.000010	0.000010	0.000010	0.000010	0.000010	0.120933	0.879007	0.000010
0.000010	0.000010	0.000010	0.000010	0.000010	0.122416	0.877524	0.000010
0.000010	0.000010	0.000010	0.005221	0.000010	0.130526	0.864203	0.000010
0.000010	0.000010	0.000010	0.000010	0.000010	0.137754	0.862186	0.000010
0.000010	0.000970	0.003354	0.000010	0.000010	0.135473	0.860162	0.000010
0.000010	0.000010	0.000010	0.000010	0.000010	0.141823	0.858117	0.000010
0.000010	0.000010	0.000010	0.000010	0.000010	0.143245	0.856695	0.000010
0.000010	0.000010	0.000010	0.000010	0.000010	0.146664	0.853276	0.000010
0.002786	0.001013	0.000010	0.006818	0.000010	0.137612	0.851742	0.000010
0.000010	0.000010	0.000010	0.000010	0.000010	0.165540	0.834400	0.000010
0.000010	0.002448	0.000010	0.000010	0.000010	0.164528	0.832974	0.000010
0.003588	0.008465	0.007808	0.000010	0.000010	0.157095	0.823014	0.000010
0.000010	0.000625	0.042535	0.956155	0.000646	0.000010	0.000010	0.000010
0.000010	0.005429	0.115399	0.848318	0.000010	0.008402	0.022422	0.000010
0.000010	0.000010	0.000010	0.002634	0.000010	0.195317	0.801999	0.000010
0.000010	0.000010	0.000010	0.017483	0.000010	0.182448	0.800019	0.000010
0.000010	0.000010	0.000010	0.000010	0.000010	0.200733	0.799207	0.000010
0.000011	0.000010	0.000010	0.000010	0.000010	0.205809	0.794131	0.000010
0.000010	0.000010	0.000010	0.000010	0.000010	0.209029	0.790911	0.000010
0.000659	0.000011	0.000010	0.004951	0.000010	0.206445	0.787904	0.000010
0.000010	0.000015	0.000010	0.000010	0.000010	0.215140	0.784795	0.000010
0.000010	0.000010	0.000010	0.000010	0.000010	0.216221	0.783719	0.000010
0.000010	0.007815	0.000010	0.004793	0.000010	0.205624	0.781728	0.000010
0.000010	0.004199	0.000010	0.000010	0.000010	0.214397	0.781354	0.000010
0.000010	0.000010	0.000010	0.000010	0.000010	0.221611	0.778329	0.000010
0.007186	0.001761	0.000010	0.010036	0.000010	0.203197	0.777790	0.000010
0.000010	0.001288	0.000010	0.000986	0.000010	0.220861	0.776825	0.000010
0.000012	0.001372	0.000010	0.003702	0.000010	0.218667	0.776217	0.000010
0.000010	0.001292	0.000010	0.000010	0.000010	0.222644	0.776013	0.000010
0.000010	0.000518	0.000010	0.000739	0.000010	0.224521	0.774182	0.000010
0.000010	0.002504	0.000010	0.000010	0.000173	0.223518	0.772438	0.001337
0.000010	0.010003	0.000010	0.000010	0.000010	0.220253	0.769694	0.000010
0.000010	0.002914	0.000010	0.000010	0.000010	0.228075	0.768961	0.000010
0.000010	0.012547	0.000010	0.000010	0.000010	0.218618	0.768784	0.000010
0.000010	0.000010	0.000010	0.005447	0.000010	0.226298	0.768205	0.000010
0.000010	0.000010	0.000010	0.000010	0.000010	0.231762	0.768178	0.000010
0.000010	0.000010	0.000010	0.000010	0.000010	0.236774	0.763166	0.000010
0.000010	0.012409	0.000010	0.000010	0.000010	0.224463	0.763078	0.000010
0.000010	0.007070	0.000010	0.000010	0.000010	0.229987	0.762893	0.000010
0.000010	0.013031	0.000010	0.000010	0.000010	0.229615	0.757304	0.000010
0.000010	0.007512	0.000010	0.000010	0.000013	0.235408	0.757028	0.000010
0.000010	0.000010	0.000010	0.000010	0.000010	0.243242	0.756698	0.000010
0.000010	0.000010	0.000010	0.000010	0.000010	0.243733	0.756207	0.000010
0.000010	0.000010	0.000010	0.000010	0.999930	0.000010	0.000010	0.000010
0.000010	0.000010	0.000010	0.000010	0.999930	0.000010	0.000010	0.000010
0.000010	0.000010	0.000010	0.000011	0.995266	0.000010	0.000010	0.004673
0.000010	0.000010	0.000010	0.000010	0.992794	0.000010	0.000010	0.007146
0.000010	0.000010	0.000010	0.000010	0.990103	0.000010	0.000010	0.009837
0.000010	0.003972	0.002370	0.000010	0.988386	0.000010	0.000010	0.005232
0.000010	0.000015	0.000010	0.000010	0.985429	0.000010	0.006334	0.008182
0.000010	0.000010	0.000010	0.000010	0.984135	0.000010	0.000010	0.015805
0.000010	0.000010	0.002062	0.000010	0.981024	0.000010	0.000010	0.016864
0.000010	0.000010	0.000010	0.000010	0.980906	0.000010	0.000010	0.019034
0.001016	0.003028	0.011444	0.000010	0.978759	0.000010	0.000010	0.005723
0.000010	0.000010	0.000010	0.000010	0.978318	0.002501	0.000010	0.019131
0.000010	0.000010	0.000010	0.000010	0.976990	0.000010	0.000010	0.022950
0.000010	0.000010	0.004892	0.000010	0.976139	0.003690	0.000010	0.015240
0.000010	0.000010	0.000010	0.000010	0.974304	0.000010	0.000010	0.025636
0.000010	0.000010	0.005515	0.000010	0.971035	0.000010	0.000010	0.023400
0.000010	0.000010	0.000010	0.000010	0.970400	0.000010	0.000010	0.029540
0.002290	0.000010	0.006365	0.000010	0.970361	0.000010	0.000010	0.020944
0.000010	0.000010	0.006242	0.000010	0.967974	0.000010	0.000010	0.025735
0.012427	0.000010	0.000010	0.000010	0.963652	0.000010	0.000010	0.023871
0.000015	0.000010	0.000010	0.000010	0.962984	0.000010	0.000010	0.036951
0.000010	0.000010	0.000010	0.000010	0.942091	0.000010	0.000010	0.057849
0.000010	0.000010	0.000010	0.091214	0.000010	0.908726	0.000010	0.000010
0.000010	0.000010	0.000010	0.071022	0.000010	0.908722	0.020206	0.000010
0.000010	0.000010	0.000010	0.073170	0.000010	0.901907	0.024873	0.000010
0.000010	0.000010	0.000010	0.054966	0.000010	0.899411	0.045573	0.000010
0.000010	0.000010	0.000010	0.075775	0.000010	0.894554	0.029621	0.000010
0.000010	0.000010	0.000010	0.058230	0.000010	0.886353	0.055367	0.000010
0.000010	0.000010	0.000010	0.042647	0.000010	0.885938	0.071365	0.000010
0.000010	0.000010	0.000010	0.097673	0.000010	0.884114	0.018163	0.000010
0.000010	0.000010	0.000010	0.084234	0.000010	0.867347	0.048369	0.000010
0.077965	0.060180	0.000010	0.000010	0.000010	0.000010	0.861806	0.000010
0.083354	0.063343	0.002832	0.003095	0.000010	0.000010	0.847346	0.000010
0.061764	0.082433	0.025690	0.000010	0.000010	0.007034	0.823050	0.000010
0.101995	0.062212	0.015685	0.010753	0.000010	0.000010	0.809325	0.000010
0.115113	0.074392	0.034100	0.000010	0.000010	0.000010	0.776355	0.000010
0.113863	0.071362	0.018369	0.012654	0.000010	0.008188	0.775543	0.000010
0.149520	0.068620	0.017565	0.017855	0.000010	0.000010	0.746410	0.000010
0.129546	0.076118	0.054619	0.015374	0.000010	0.001525	0.722798	0.000010
0.229236	0.069375	0.030631	0.009024	0.000010	0.019314	0.642400	0.000010
0.763557	0.115103	0.001776	0.011903	0.000010	0.000010	0.107630	0.000010
0.759927	0.087032	0.013055	0.014926	0.000010	0.000010	0.125030	0.000010
0.755894	0.100325	0.033376	0.011042	0.000010	0.005361	0.093982	0.000010
0.747230	0.089102	0.029806	0.000010	0.000010	0.000247	0.133586	0.000010
0.746718	0.112599	0.000010	0.011543	0.000010	0.000010	0.129100	0.000010
0.743857	0.095158	0.047224	0.002966	0.000014	0.026073	0.084698	0.000010
0.741515	0.096737	0.048864	0.000010	0.000010	0.011261	0.101592	0.000010
0.726630	0.110438	0.026511	0.004636	0.000010	0.000010	0.131755	0.000010
0.723365	0.104302	0.040389	0.020588	0.000010	0.008346	0.102989	0.000010
0.723110	0.103963	0.036218	0.007782	0.000010	0.000633	0.128274	0.000010
0.720268	0.106015	0.040378	0.025138	0.000010	0.000010	0.108171	0.000010
0.718340	0.098908	0.051829	0.029890	0.000010	0.008446	0.092566	0.000010
0.710148	0.079014	0.050321	0.003903	0.000010	0.000010	0.156584	0.000010
0.000010	0.000010	0.000010	0.000010	0.450519	0.000010	0.000010	0.549421
0.000010	0.000010	0.000010	0.000010	0.451740	0.000010	0.000010	0.548200
0.000010	0.000010	0.000010	0.000010	0.457971	0.000010	0.000010	0.541969
0.000011	0.000010	0.000010	0.004995	0.455489	0.000010	0.000010	0.539466
0.000010	0.003169	0.000010	0.000010	0.457573	0.000010	0.000010	0.539208
0.000010	0.000010	0.000010	0.000393	0.465718	0.004292	0.000010	0.529556
0.000010	0.002927	0.000010	0.005016	0.467040	0.000010	0.000010	0.524977
0.001743	0.000010	0.000010	0.004915	0.469020	0.000010	0.000010	0.524281
0.000010	0.000010	0.000010	0.000010	0.470890	0.001799	0.003246	0.524026
0.000010	0.000010	0.000010	0.001247	0.478020	0.000131	0.000010	0.520562
0.401198	0.285210	0.000010	0.000010	0.000010	0.010198	0.303354	0.000010
0.388557	0.274286	0.000010	0.000010	0.000010	0.000010	0.337107	0.000010
0.388427	0.277316	0.000010	0.000010	0.000010	0.000010	0.334208	0.000010
0.387224	0.282100	0.000010	0.004862	0.000010	0.000010	0.325774	0.000010
0.383677	0.300422	0.000010	0.005280	0.000010	0.000010	0.310581	0.000010
0.382967	0.280788	0.000010	0.007231	0.000010	0.000010	0.328975	0.000010
0.382573	0.283876	0.000010	0.000018	0.000010	0.011568	0.321935	0.000010
0.380989	0.292505	0.000010	0.000010	0.002795	0.000010	0.323671	0.000010
0.375427	0.287581	0.000010	0.004237	0.000010	0.000010	0.332714	0.000010
0.373669	0.287975	0.000010	0.002887	0.000010	0.000010	0.335429	0.000010
0.366526	0.303614	0.000010	0.000010	0.000010	0.000010	0.329809	0.000010
0.000010	0.012032	0.980829	0.000010	0.002079	0.000010	0.005020	0.000010
0.000010	0.006275	0.977075	0.000010	0.000010	0.000010	0.006536	0.010075
0.000010	0.005078	0.975867	0.000010	0.000010	0.002241	0.004187	0.012596
0.000010	0.005818	0.975548	0.000010	0.000010	0.000010	0.006770	0.011824
0.000010	0.000010	0.973779	0.000010	0.004075	0.000010	0.021293	0.000813
0.000010	0.004216	0.972841	0.000010	0.000010	0.000010	0.016650	0.006253
0.000010	0.012826	0.972191	0.000010	0.002949	0.000587	0.005888	0.005538
0.000010	0.004287	0.970941	0.000010	0.000010	0.000010	0.014504	0.010228
0.000010	0.019658	0.970458	0.000010	0.005292	0.000010	0.003626	0.000937
0.000010	0.001013	0.970024	0.000010	0.000010	0.011327	0.007084	0.010522
0.000010	0.011130	0.969717	0.005860	0.000010	0.004210	0.000010	0.009053
0.000020	0.007367	0.968399	0.000010	0.000010	0.000010	0.010736	0.013447
0.000010	0.003835	0.967152	0.000010	0.005692	0.000010	0.017883	0.005408
0.003053	0.000543	0.966822	0.000010	0.000010	0.011776	0.012396	0.005389
0.000010	0.000010	0.964712	0.000010	0.005656	0.000010	0.010465	0.019127
0.000010	0.009854	0.964158	0.007843	0.000397	0.000010	0.005728	0.011999
0.000010	0.007857	0.963746	0.003272	0.000010	0.000010	0.008637	0.016458
0.000010	0.005595	0.961487	0.001674	0.002028	0.014286	0.011163	0.003756
0.000010	0.007744	0.960654	0.012721	0.000010	0.000010	0.016553	0.002298
0.000010	0.006296	0.960161	0.000962	0.000010	0.000010	0.027525	0.005026
0.000010	0.007880	0.959736	0.000957	0.000010	0.012265	0.011866	0.007275
0.000010	0.011218	0.959531	0.000010	0.000010	0.000010	0.019749	0.009462
0.000010	0.009153	0.959361	0.004706	0.000010	0.000010	0.026740	0.000010
0.000015	0.007148	0.956627	0.000010	0.001682	0.008990	0.021892	0.003636
0.000010	0.018117	0.956159	0.000010	0.000010	0.000339	0.017874	0.007481
0.000010	0.012173	0.951146	0.002746	0.000285	0.017463	0.005386	0.010791
0.000010	0.008072	0.943218	0.015166	0.000291	0.000010	0.021303	0.011930
0.611419	0.032749	0.309572	0.016931	0.003345	0.000010	0.025964	0.000010
0.609899	0.039872	0.287361	0.014131	0.000010	0.020861	0.027856	0.000010
0.601381	0.039084	0.311203	0.015002	0.000010	0.007269	0.026041	0.000010
0.594974	0.029883	0.329582	0.036123	0.004001	0.005418	0.000010	0.000010
0.594846	0.023346	0.297483	0.021491	0.000010	0.036858	0.025955	0.000010
0.591988	0.030370	0.315746	0.002255	0.004822	0.024464	0.030345	0.000010
0.583205	0.031120	0.324828	0.011457	0.000010	0.024662	0.024708	0.000010
0.579047	0.026250	0.301645	0.006867	0.004323	0.013295	0.068562	0.000010
0.573937	0.046720	0.313883	0.021381	0.000304	0.013824	0.029941	0.000010
0.573441	0.024556	0.347343	0.014023	0.000010	0.010496	0.030121	0.000010
0.572375	0.022457	0.342723	0.006719	0.000010	0.018849	0.036857	0.000010
0.570792	0.033498	0.341281	0.014702	0.000010	0.008201	0.031506	0.000010
0.569788	0.029181	0.336360	0.023382	0.000010	0.037091	0.004179	0.000010
0.560486	0.028469	0.346933	0.019265	0.000010	0.016724	0.028104	0.000010
0.555986	0.019097	0.352934	0.019634	0.000010	0.010444	0.041885	0.000010
0.550687	0.023704	0.342588	0.025556	0.000010	0.031909	0.025536	0.000010
0.530696	0.043893	0.357585	0.019765	0.000364	0.018855	0.028832	0.000010
0.519558	0.018395	0.376931	0.033222	0.000010	0.015349	0.036523	0.000010
0.196351	0.003380	0.375555	0.000010	0.000010	0.164659	0.260025	0.000010
0.170854	0.014279	0.357687	0.012800	0.000010	0.181435	0.262925	0.000010
0.155473	0.011434	0.344537	0.032532	0.000010	0.203433	0.252570	0.000010
0.202771	0.003900	0.333404	0.024316	0.000010	0.162785	0.272804	0.000010
0.168028	0.018406	0.313248	0.022385	0.000010	0.204762	0.273150	0.000010
0.167904	0.000010	0.310752	0.018487	0.000010	0.177625	0.325202	0.000010
0.179068	0.000010	0.300099	0.022020	0.000010	0.184237	0.314545	0.000010
0.148020	0.014322	0.279878	0.031549	0.000010	0.190772	0.335438	0.000010
0.158233	0.000053	0.260730	0.019686	0.000010	0.209722	0.351557	0.000010
0.111525	0.007108	0.239586	0.029888	0.000010	0.286042	0.325831	0.000010
0.238769	0.005016	0.490637	0.009265	0.000010	0.149485	0.099250	0.007569
0.168174	0.008148	0.482085	0.023278	0.006744	0.174965	0.133572	0.003034
0.284242	0.008900	0.453911	0.024453	0.000010	0.104813	0.123661	0.000010
0.205384	0.000010	0.382275	0.009724	0.000010	0.203960	0.198627	0.000010
0.186284	0.000010	0.381660	0.019343	0.004600	0.210067	0.198026	0.000010
0.137317	0.008550	0.364916	0.004532	0.000010	0.237090	0.242855	0.004730
0.212400	0.006377	0.363380	0.008784	0.001535	0.195287	0.208515	0.003721
0.224064	0.001251	0.356217	0.024226	0.000292	0.167699	0.226241	0.000010
0.159490	0.005926	0.350632	0.016957	0.000010	0.236086	0.230889	0.000010
0.142869	0.003005	0.319578	0.012956	0.000010	0.250509	0.271063	0.000010
0.000010	0.000010	0.000010	0.000010	0.000010	0.000010	0.000010	0.999930
0.000010	0.000010	0.000010	0.000010	0.000010	0.000010	0.000010	0.999930
0.000010	0.000010	0.000010	0.000010	0.000010	0.000010	0.000010	0.999930
0.000010	0.000010	0.000010	0.000010	0.000010	0.000010	0.000010	0.999930
0.000010	0.000010	0.000010	0.000010	0.000010	0.000010	0.000010	0.999930
0.000010	0.000010	0.000010	0.000010	0.000010	0.000010	0.000010	0.999930
0.000010	0.000010	0.000010	0.000010	0.000010	0.000010	0.000010	0.999930
0.000010	0.000010	0.000010	0.000010	0.000010	0.000010	0.000010	0.999930
0.000010	0.000010	0.000010	0.000010	0.000010	0.000010	0.000010	0.999930
0.000010	0.000010	0.000010	0.000010	0.000010	0.000010	0.000010	0.999930
0.000010	0.000010	0.000010	0.000010	0.000010	0.000010	0.000010	0.999930
0.000010	0.000010	0.000010	0.000010	0.000010	0.000010	0.000010	0.999930
0.000010	0.000010	0.000010	0.000010	0.000010	0.000010	0.000010	0.999930
0.000010	0.000010	0.000010	0.000010	0.000010	0.000010	0.000010	0.999930
0.000010	0.000010	0.000010	0.000010	0.000010	0.000010	0.000010	0.999930
0.000010	0.000010	0.000013	0.000010	0.000010	0.000010	0.000010	0.999927
0.000010	0.000010	0.000010	0.000010	0.000010	0.000017	0.000010	0.999923
0.000010	0.000010	0.000010	0.000010	0.000020	0.000010	0.000010	0.999920
0.000010	0.000010	0.000010	0.000010	0.000105	0.000010	0.000010	0.999835
0.000010	0.000386	0.000010	0.000010	0.000010	0.000010	0.000010	0.999554
0.000010	0.000010	0.000010	0.000010	0.000490	0.000010	0.000010	0.999450
0.000010	0.000010	0.000010	0.000575	0.000010	0.000010	0.000010	0.999365
0.000010	0.000010	0.000014	0.000010	0.001191	0.000010	0.000010	0.998744
0.000010	0.000010	0.000010	0.000010	0.001368	0.000010	0.000010	0.998572
0.000010	0.001448	0.000010	0.000010	0.000010	0.000010	0.000010	0.998492
0.000010	0.000010	0.000010	0.000010	0.001540	0.000010	0.000010	0.998400
0.000010	0.000010	0.000010	0.000010	0.002288	0.000010	0.000010	0.997652
0.000010	0.000010	0.000010	0.000010	0.002484	0.000010	0.000010	0.997456
0.000010	0.001559	0.000010	0.000010	0.001336	0.000010	0.000010	0.997055
0.000010	0.000010	0.000010	0.000010	0.000010	0.000010	0.003315	0.996625
0.000010	0.000010	0.000010	0.000010	0.003893	0.000010	0.000010	0.996047
0.000010	0.000010	0.000010	0.000010	0.003989	0.000010	0.000010	0.995951
0.000010	0.000010	0.000010	0.000010	0.000010	0.000010	0.004422	0.995518
0.000010	0.000010	0.000010	0.000010	0.004696	0.000010	0.000010	0.995244
0.000010	0.000019	0.000010	0.000010	0.005199	0.000010	0.000010	0.994732
0.000010	0.000010	0.000010	0.000010	0.000010	0.005240	0.000010	0.994700
0.000010	0.000010	0.000010	0.000010	0.005358	0.000010	0.000010	0.994582
0.000010	0.000722	0.000010	0.000010	0.004713	0.000010	0.000010	0.994515
0.000010	0.000719	0.000010	0.005077	0.000010	0.000010	0.000010	0.994154
0.000010	0.000010	0.000010	0.000010	0.003803	0.002045	0.000010	0.994102
0.000010	0.000010	0.000010	0.000010	0.005849	0.000010	0.000010	0.994091
0.000010	0.000748	0.000010	0.005130	0.000010	0.000010	0.000010	0.994072
0.000010	0.000010	0.000010	0.001194	0.003211	0.000010	0.001539	0.994015
0.000010	0.000010	0.000010	0.000010	0.005994	0.000010	0.000010	0.993946
0.000010	0.000010	0.000010	0.000010	0.006764	0.000010	0.000010	0.993176
0.000010	0.000010	0.000010	0.000010	0.007574	0.000010	0.000010	0.992366
0.000010	0.000010	0.000010	0.000010	0.007640	0.000010	0.000010	0.992300
0.000010	0.000010	0.000010	0.000010	0.008110	0.000010	0.000010	0.991830
0.000010	0.000010	0.000010	0.000010	0.008261	0.000010	0.000010	0.991679
0.000010	0.000010	0.000010	0.000010	0.008382	0.000010	0.000010	0.991558
0.000010	0.000010	0.000010	0.000010	0.008668	0.000010	0.000010	0.991272
0.000010	0.000010	0.000010	0.000016	0.008879	0.000010	0.000010	0.991055
0.000010	0.000010	0.003012	0.000010	0.000940	0.000010	0.005547	0.990460
0.000010	0.000010	0.000010	0.000010	0.009865	0.000010	0.000010	0.990075
0.000010	0.000010	0.000010	0.000010	0.009872	0.000010	0.000010	0.990068
0.000010	0.000010	0.000010	0.000010	0.011174	0.000010	0.000010	0.988766
0.000010	0.000010	0.000010	0.000010	0.011340	0.000010	0.000010	0.988600
0.003932	0.006419	0.000010	0.000010	0.001172	0.000010	0.000010	0.988438
0.000010	0.000010	0.000010	0.000010	0.011768	0.000010	0.000010	0.988172
0.000010	0.000010	0.000010	0.000010	0.012117	0.000010	0.000010	0.987823
0.000010	0.002216	0.000010	0.000010	0.009577	0.000010	0.000481	0.987686
0.000010	0.000010	0.000012	0.001327	0.011705	0.000010	0.000010	0.986916
0.000010	0.000010	0.000010	0.000010	0.011067	0.001996	0.000010	0.986887
0.000010	0.000010	0.000010	0.000010	0.013943	0.000010	0.000010	0.985997
0.000010	0.000010	0.000010	0.000530	0.013811	0.000010	0.000010	0.985609
0.000010	0.000010	0.000010	0.007482	0.007394	0.000010	0.000010	0.985074
0.000010	0.000010	0.000010	0.000010	0.015038	0.000010	0.000010	0.984902
0.000010	0.000010	0.000010	0.000010	0.013569	0.001603	0.000010	0.984778
0.000010	0.005347	0.000010	0.000010	0.011918	0.000010	0.000010	0.982685
0.000010	0.000010	0.000010	0.000010	0.017905	0.000010	0.000010	0.982035
