Egypt1	Egyptian	0.116565	0.1253105	1e-05	0.0084605	1e-05	1e-05	0.0867475	0.662887
Egypt11	Egyptian	0.1146445	0.1138775	1e-05	1e-05	0.004883	0.0054335	0.072223	0.6889185
Egypt22TD21	Egyptian	0.1005125	0.093262	1e-05	0.0114245	1e-05	1e-05	0.1052765	0.6894945
Egypt9AQ177	Egyptian	0.123802	0.097049	1e-05	0.007013	1.05e-05	1e-05	0.082568	0.6895375
Egypt5AQ172	Egyptian	0.082151	0.0974555	1e-05	0.004127	1e-05	0.006194	0.1153175	0.694735
Egypt3	Egyptian	0.1206345	0.097973	1e-05	0.00146	1e-05	0.001869	0.08049	0.697553
Egypt1AQ172	Egyptian	0.0861905	0.1085925	1e-05	0.0001575	1e-05	0.0054925	0.099431	0.700115
Egypt12AQ172	Egyptian	0.0885405	0.1109475	1e-05	0.0086895	1e-05	1e-05	0.087153	0.7046395
Egypt9AQ172	Egyptian	0.102942	0.104997	1e-05	0.011269	1e-05	1e-05	0.074795	0.7059665
Egypt8AT113	Egyptian	0.10939	0.1075585	1e-05	1e-05	1e-05	1e-05	0.076332	0.7066795
Egypt15AQ172	Egyptian	0.088435	0.114208	1e-05	0.0109525	1e-05	0.0033785	0.074829	0.708177
Egypt10	Egyptian	0.10009	0.117539	1e-05	0.003428	1e-05	1e-05	0.068866	0.7100475
Egypt3AQ172	Egyptian	0.0735815	0.108134	1e-05	0.009029	1e-05	1e-05	0.099178	0.710048
Egypt17AQ176	Egyptian	0.0839465	0.1044055	1e-05	0.010564	1e-05	0.0087495	0.0792395	0.7130745
Egypt7	Egyptian	0.0828775	0.1127305	1e-05	0.0016785	0.0056585	1e-05	0.0809295	0.716106
Egypt7AQ172	Egyptian	0.0997565	0.0853105	1e-05	1e-05	1e-05	1e-05	0.098269	0.7166235
Egypt12	Egyptian	0.091692	0.122128	1e-05	0.0009515	1e-05	0.010606	0.05595	0.718653
Egypt9	Egyptian	0.0758525	0.104558	1e-05	1e-05	1e-05	1e-05	0.093386	0.7261635
MoroccanJew4634	Moroccan_Jew	0.020225	0.0555185	0.0007045	1e-05	0.0030275	0.003415	0.1038665	0.8132335
MoroccanJew5168	Moroccan_Jew	0.0125715	0.065277	1e-05	0.0011995	0.0141705	1e-05	0.0878725	0.8188895
MoroccanJew5126	Moroccan_Jew	0.0239755	0.046744	1e-05	0.000252	0.0057125	1e-05	0.088566	0.8347305
MoroccanJew4789	Moroccan_Jew	0.0240865	0.0439175	1e-05	1e-05	1e-05	0.0069165	0.088805	0.836245
MoroccanJew4692	Moroccan_Jew	0.01634	0.053887	1e-05	0.003539	1e-05	0.0021185	0.0832405	0.840855
MoroccanJew4683	Moroccan_Jew	0.0125595	0.0523905	1e-05	0.001632	1e-05	1e-05	0.092298	0.8410905
Tunisian20D1	Tunisian	0.1623375	0.1104065	1e-05	0.0141355	1e-05	0.0118325	0.0129765	0.688292
Tunisian200000	Tunisian	0.1376115	0.1131455	1e-05	0.0037135	0.0012215	0.0052535	0.0429775	0.6960675
Tunisian20C1	Tunisian	0.13027	0.122806	1e-05	0.0039045	1e-05	1e-05	0.045231	0.697759
Tunisian20A5	Tunisian	0.1569265	0.1179715	1e-05	0.002249	1e-05	0.011693	0.0062445	0.704895
Tunisian20B4	Tunisian	0.134962	0.0872155	1e-05	0.001164	1e-05	0.013034	0.058068	0.705536
Tunisian20D4	Tunisian	0.1846055	0.0883055	1e-05	0.0044915	0.000598	0.0140875	0.0014705	0.7064315
Tunisian20F4	Tunisian	0.1462465	0.0981095	0.001735	0.0084555	1e-05	0.0312025	0.0065185	0.7077225
Tunisian20C4	Tunisian	0.1294315	0.1098675	1e-05	0.020444	1e-05	0.0013275	1e-05	0.738899
TunisianJew1507	Tunisian_Jew	0.021604	0.0716065	1e-05	0.0071805	1e-05	1e-05	0.0915415	0.808038
TunisianJew1511	Tunisian_Jew	0.02198	0.0717065	1e-05	0.0027495	1e-05	0.00109	0.087364	0.8150915
TunisianJew1544	Tunisian_Jew	0.021776	0.0595795	1e-05	0.0027425	8.55e-05	0.001608	0.0931195	0.821078
TunisianJew1170	Tunisian_Jew	0.0151155	0.0591435	1e-05	0.002474	1e-05	1e-05	0.0860295	0.837208
TunisianJew1421	Tunisian_Jew	0.017273	0.071735	1e-05	0.0003125	0.003903	1e-05	0.068849	0.837907
TunisianJew1763	Tunisian_Jew	0.0243305	0.057746	1e-05	0.00592	1e-05	1e-05	0.0707825	0.8411915
TunisianJew1531	Tunisian_Jew	0.0160215	0.060963	1e-05	0.0042745	1e-05	1e-05	0.066183	0.8525275
LibyanJew1438	Libyan_Jew	0.0262075	0.062966	0.0006085	0.0091575	1e-05	0.001227	0.090774	0.809049
LibyanJew1104	Libyan_Jew	0.001927	0.0711035	1e-05	0.008728	1e-05	0.004773	0.1037905	0.809658
LibyanJew1639	Libyan_Jew	0.016181	0.070011	1e-05	0.001227	1e-05	1e-05	0.099821	0.81273
LibyanJew1462	Libyan_Jew	0.0161975	0.0650585	1e-05	1e-05	1e-05	0.00366	0.0916535	0.823401
LibyanJew1263	Libyan_Jew	0.035145	0.0548	0.0001645	1e-05	0.0009475	1e-05	0.08367	0.8252535
LibyanJew1659	Libyan_Jew	0.023288	0.0738345	0.002238	3e-04	1e-05	1e-05	0.0740855	0.8262345
LibyanJew1605	Libyan_Jew	0.030495	0.063395	1e-05	0.0117325	0.001786	1e-05	0.063843	0.8287275
LibyanJew1601	Libyan_Jew	0.0176295	0.069391	1e-05	0.01013	1e-05	0.003808	0.0689685	0.830052
LibyanJew1611	Libyan_Jew	0.0170695	0.0618855	0.0016495	0.008255	0.002099	0.0044855	0.0743685	0.830188
HGDP01274	Mozabite	0.244986	0.0832595	1e-05	0.007034	1e-05	0.005299	1e-05	0.659392
HGDP01259	Mozabite	0.203959	0.0829045	1e-05	0.0142315	1e-05	0.0141645	1e-05	0.6847105
HGDP01257	Mozabite	0.218521	0.084328	1e-05	0.0006755	1e-05	1e-05	1e-05	0.6964355
HGDP01279	Mozabite	0.1663685	0.1176705	1e-05	0.018317	1e-05	1e-05	1e-05	0.697604
HGDP01276	Mozabite	0.186986	0.110293	1e-05	0.0025195	0.0007015	1e-05	1e-05	0.6994695
HGDP01268	Mozabite	0.1576845	0.120227	1e-05	0.0174075	1e-05	1e-05	1e-05	0.7046415
HGDP01262	Mozabite	0.17142	0.1137235	1e-05	0.010055	1e-05	1e-05	1e-05	0.704762
HGDP01256	Mozabite	0.1896655	0.097471	1e-05	0.0011175	1e-05	0.004021	1e-05	0.7076955
HGDP01277	Mozabite	0.1714225	0.10553	1e-05	0.0039155	1e-05	0.0077825	1e-05	0.711319
HGDP01265	Mozabite	0.177153	0.098225	1e-05	0.008992	0.002174	1e-05	1e-05	0.713427
HGDP01253	Mozabite	0.1603115	0.1158105	1e-05	0.001735	0.0031305	0.0039535	1e-05	0.7150395
HGDP01272	Mozabite	0.166474	0.101807	1e-05	1e-05	1e-05	0.01561	1e-05	0.716069
HGDP01280	Mozabite	0.171918	0.1033695	1e-05	0.0035815	1e-05	1e-05	1e-05	0.72109
HGDP01264	Mozabite	0.174345	0.092571	1e-05	0.005683	1e-05	0.0026665	0.001459	0.7232555
HGDP01254	Mozabite	0.1528575	0.097873	1e-05	0.005239	1e-05	0.0196285	1e-05	0.7243715
HGDP01258	Mozabite	0.1613885	0.105412	1e-05	0.001728	0.001349	0.002674	1e-05	0.7274295
HGDP01282	Mozabite	0.152516	0.1069905	1e-05	0.012994	1e-05	1e-05	1e-05	0.72746
HGDP01275	Mozabite	0.1679145	0.0968685	1e-05	0.001708	1e-05	0.0049215	1e-05	0.7285575
HGDP01278	Mozabite	0.1571325	0.0999215	1e-05	0.0020685	1e-05	0.0064585	1e-05	0.7343885
HGDP01255	Mozabite	0.1704305	0.074347	1e-05	0.0030745	0.0064005	0.0001305	0.004371	0.7412365
HGDP01263	Mozabite	0.129164	0.1015615	1e-05	1e-05	1e-05	0.008552	1e-05	0.7606825
Algerian43A32	Algerian	0.173828	0.098801	1e-05	0.012601	1e-05	0.032448	0.0023045	0.679997
Algerian43A22	Algerian	0.182928	0.097837	1e-05	0.0127785	1e-05	0.024591	1e-05	0.681835
Algerian43A21	Algerian	0.1778815	0.0908625	1e-05	0.0139095	1e-05	0.009173	0.0177555	0.690397
Algerian43A24	Algerian	0.1860125	0.0928255	1e-05	0.011494	0.001589	0.010475	1e-05	0.697584
Algerian43A23	Algerian	0.181615	0.0876575	1e-05	0.0233635	1e-05	0.005196	0.003447	0.698701
Algerian43A13	Algerian	0.174536	0.101434	1e-05	5.6e-05	0.0077015	0.0052135	0.003754	0.7072955
Algerian43A34	Algerian	0.1416645	0.0932945	1e-05	0.012015	1e-05	0.001328	1e-05	0.751668
SAH34	Saharawi	0.2222785	0.106738	1e-05	0.0029575	1e-05	0.002396	1e-05	0.6656
SAH27	Saharawi	0.199357	0.123863	1e-05	0.003143	1e-05	0.000701	1e-05	0.6729055
SAH24	Saharawi	0.183063	0.117987	1e-05	0.009005	1e-05	0.00847	1e-05	0.681445
SAH18	Saharawi	0.178339	0.127126	1e-05	0.0128915	1e-05	8.55e-05	1e-05	0.681528
SAH21	Saharawi	0.2011695	0.10331	1e-05	0.007995	1e-05	0.001088	8.1e-05	0.6863365
SAH9	Saharawi	0.1973205	0.1017185	1e-05	0.006605	1e-05	0.0012655	1e-05	0.6930605
EthiopianJew1570	Ethiopian_Jew	0.2753865	0.238079	0.005978	1e-05	1e-05	0.021469	0.0264255	0.432642
EthiopianJew1804	Ethiopian_Jew	0.281289	0.236955	1e-05	0.004406	1e-05	0.002076	0.0416575	0.4335965
EthiopianJew4690	Ethiopian_Jew	0.2934295	0.215454	0.0034465	0.0079235	1e-05	0.0133955	0.031773	0.434568
EthiopianJew1822	Ethiopian_Jew	0.2719955	0.215709	0.0058795	0.011098	1e-05	0.014352	0.036918	0.4440375
EthiopianJew1831	Ethiopian_Jew	0.291506	0.2253885	1e-05	0.0074965	1e-05	1e-05	0.024444	0.451135
EthiopianJew1574	Ethiopian_Jew	0.292942	0.224072	1e-05	0.000477	1e-05	0.0031955	0.026811	0.4524825
EthiopianJew1818	Ethiopian_Jew	0.284685	0.224003	0.000871	0.011925	1e-05	1e-05	0.017013	0.461482
ADR20109	Oromo	0.339734	0.24542	0.047699	0.011934	1e-05	0.002471	0.0302805	0.3224515
ADR20106	Oromo	0.350892	0.2618035	1e-05	0.0028195	1e-05	1e-05	0.0296825	0.3547735
ADR20112	Oromo	0.365252	0.250182	0.019763	0.0059445	1e-05	0.001239	0.027718	0.329891
ADR20107	Oromo	0.3883895	0.25094	0.0091225	0.011822	1e-05	0.01062	0.0030285	0.326068
Ayodo_61S	Somali	0.348528	0.2632445	0.014856	0.005184	1e-05	0.0131645	0.015889	0.3391245
Ayodo_43S	Somali	0.352375	0.238868	0.001844	0.0134495	1e-05	0.0152925	0.0215865	0.356574
Ayodo_90S	Somali	0.3569395	0.2582	0.000278	0.02203	1e-05	1e-05	0.005254	0.3572785
Ayodo_23S	Somali	0.364351	0.254438	1e-05	0.016995	1e-05	0.002702	0.021493	0.340001
Ayodo_81S	Somali	0.3775045	0.24287	1e-05	0.0184165	1e-05	0.002922	0.001829	0.356438
Ayodo_34S	Somali	0.3801375	0.2332355	0.000266	0.0183975	1e-05	0.000205	0.0256125	0.3421365
Ayodo_35S	Somali	0.3815685	0.2576595	0.001626	0.0018715	1e-05	0.010713	0.008433	0.3381175
Ayodo_52S	Somali	0.3831005	0.23778	0.0114465	0.003783	1e-05	0.0008855	0.0199085	0.3430855
Ayodo_40S	Somali	0.3853935	0.22765	1e-05	0.0046115	1e-05	0.019429	0.0061715	0.3567235
Ayodo_21S	Somali	0.3869925	0.244479	0.008028	0.0127755	1e-05	0.0106645	1e-05	0.3370405
Ayodo_41S	Somali	0.3929695	0.2609475	1e-05	0.0029655	1e-05	0.0097815	0.0204185	0.3128975
Ayodo_69S	Somali	0.40084	0.241381	0.002085	0.01335	0.0008195	0.012112	1e-05	0.329402
Ayodo_5S	Somali	0.412061	0.236174	0.000454	0.0096315	1e-05	0.0013265	0.0007745	0.339569
GOR049	Datog	0.418315	0.269296	0.0345345	0.012004	0.002877	0.01349	0.00334	0.2461435
GOR067	Datog	0.430628	0.2821845	0.0265425	0.011138	1e-05	1e-05	0.0133065	0.236181
GOR063	Datog	0.450166	0.2609385	0.021206	0.00543	1e-05	0.0245845	0.003085	0.2345805
NA21514	Masai	0.472344	0.244181	0.0168455	0.00983	1e-05	0.009372	0.037018	0.210399
NA21302	Masai	0.492403	0.226389	0.039485	1e-05	0.003127	0.0024595	0.019362	0.2167645
NA21425	Masai	0.510081	0.2259315	0.0242645	0.01031	1e-05	0.0074835	0.011426	0.2104945
NA21366	Masai	0.518475	0.2138605	0.0280645	0.0083225	1e-05	0.012111	0.0236275	0.195529
NA21648	Masai	0.5235955	0.2486335	0.025234	0.006801	0.00265	0.003526	0.0135715	0.175989
NA21310	Masai	0.529755	0.2251115	0.01868	0.012689	0.002425	0.0107845	0.018063	0.1824915
NA21581	Masai	0.5334595	0.2341535	0.0228465	0.010782	0.004307	0.000328	0.003012	0.1911115
NA21490	Masai	0.5513135	0.2425665	0.0095045	0.0100095	1e-05	0.000531	0.0226915	0.1633735
Ayodo_101M	Masai	0.556814	0.237938	0.014386	0.0065795	1e-05	1e-05	0.0317635	0.152499
NA21477	Masai	0.5568815	0.2251355	0.01776	0.0053775	1e-05	0.0115065	0.008687	0.174642
NA21487	Masai	0.5690515	0.213176	0.0110245	0.0044295	1e-05	0.00078	0.0360895	0.16544
Ayodo_103M	Masai	0.5831615	0.2022	0.0273145	1e-05	0.004331	0.005761	0.0113665	0.1658555
Ayodo_61K	Kikuyu	0.6390725	0.186187	0.0325665	0.0007315	1e-05	0.0101835	1e-05	0.131239
Ayodo_83K	Kikuyu	0.643523	0.162334	0.032031	0.009055	1e-05	1e-05	0.0017285	0.151308
Ayodo_67K	Kikuyu	0.6572235	0.172474	0.0407695	0.003628	1e-05	0.004247	0.000778	0.1208695
Ayodo_47K	Kikuyu	0.674675	0.1583985	0.034382	0.0091075	1e-05	0.0001575	0.009901	0.113369
Sandawe006	Sandawe	0.4478335	0.2396485	0.1223885	0.011568	1e-05	1e-05	0.018847	0.159695
Sandawe027	Sandawe	0.4594075	0.255012	0.1151225	0.013912	9.95e-05	1e-05	0.001038	0.155399
Sandawe018	Sandawe	0.4596255	0.247881	0.1269705	0.0226945	1e-05	1e-05	0.003434	0.1393745
Sandawe011	Sandawe	0.4599095	0.2411055	0.1271255	0.0080325	1e-05	1e-05	1e-05	0.163797
Sandawe008	Sandawe	0.4690895	0.2440085	0.1159915	0.000526	0.0007235	0.012834	0.0094645	0.147362
Sandawe020	Sandawe	0.4714345	0.250629	0.114776	0.0072595	1e-05	0.010562	0.0027425	0.1425865
Sandawe009	Sandawe	0.471996	0.2451285	0.1202705	0.0033755	1e-05	0.0093745	0.004368	0.145478
Sandawe014	Sandawe	0.4747115	0.2307005	0.1202205	0.0114685	1e-05	0.000371	0.0002885	0.16223
Sandawe025	Sandawe	0.476016	0.2271565	0.1173945	0.0072095	1e-05	0.0066185	0.021861	0.143734
Sandawe007	Sandawe	0.481869	0.2508005	0.099677	0.0136975	0.003485	1e-05	0.0076785	0.1427825
Sandawe002	Sandawe	0.482381	0.2477215	0.1239855	0.0086265	0.0003935	1e-05	0.0042785	0.1326035
Sandawe016	Sandawe	0.4848075	0.2378695	0.1087775	0.0095575	1e-05	0.0011615	1e-05	0.1578065
Sandawe005	Sandawe	0.489844	0.2355915	0.113087	0.0018065	0.0039115	0.0141875	0.002376	0.139196
Sandawe003	Sandawe	0.492034	0.2291195	0.1094945	0.0021745	1e-05	0.0046715	0.0167175	0.1457785
Sandawe022	Sandawe	0.4973285	0.2281035	0.100007	0.014726	1e-05	0.0109125	0.012138	0.136774
Sandawe024	Sandawe	0.4976165	0.233269	0.101727	0.015698	0.0015155	0.0030685	0.0035135	0.1435925
Sandawe013	Sandawe	0.4980875	0.241711	0.088652	0.009539	0.0033765	0.007395	0.0004705	0.1507685
Sandawe012	Sandawe	0.511058	0.218012	0.094922	0.0103495	1e-05	0.015592	0.002717	0.147339
Sandawe023	Sandawe	0.529334	0.216969	0.0906935	0.0077975	1.9e-05	0.006872	0.014329	0.133986
Sandawe019	Sandawe	0.5298075	0.2088025	0.081177	0.0079505	0.0017455	0.000344	0.012554	0.157619
Sandawe001	Sandawe	0.548214	0.2015605	0.0955445	0.0063825	0.0087175	1e-05	0.007656	0.1319145
Sandawe021	Sandawe	0.605717	0.183082	0.0734135	1e-05	1e-05	1e-05	0.009662	0.128095
AD_512	AA	0.4037935	1e-05	0.0197625	0.0112465	0.0263255	0.0306335	0.0286225	0.479606
AD_523	AA	0.7663215	1e-05	0.0364535	0.007707	0.017714	1e-05	0.0107425	0.1610415
AD_076	AA	0.7800235	0.0163065	0.018037	0.0049975	0.02489	0.0055645	1e-05	0.150171
AD_066	AA	0.789903	0.016789	0.0214755	0.0148965	0.001911	1e-05	0.009985	0.1450295
AD_061	AA	0.812566	0.0053185	0.022194	0.004702	0.0220935	1e-05	0.0107975	0.122319
AD_064	AA	0.839472	0.006369	0.0296815	0.008217	0.01413	1e-05	1e-05	0.10211
AD_500	AA	0.8459075	1e-05	0.032378	0.006504	0.0374985	1e-05	1e-05	0.0776825
AD_006	AA	0.8552905	0.0038265	0.034708	1e-05	0.008923	0.005908	0.008802	0.0825325
AD_015	AA	0.8573255	0.0093245	0.024871	0.0058995	0.006487	1e-05	0.00839	0.087692
AD_510	AA	0.8703795	0.0068115	1e-05	0.0024765	0.0123545	1e-05	1e-05	0.1079485
AD_511	AA	0.898681	0.0010275	0.00107	0.0061585	0.0008035	1e-05	1.5e-05	0.0922345
AD_505	AA	0.9035605	1e-05	0.002308	1e-05	0.0022585	0.002636	0.0017895	0.0874275
NA19027	Luhya	0.7993985	0.1209985	0.034126	0.0060405	1e-05	1e-05	0.012154	0.0272635
NA19020	Luhya	0.8345745	0.09086	0.038962	1e-05	1e-05	1e-05	0.0052	0.0303735
NA19024	Luhya	0.8411095	0.097411	0.0419025	0.001269	0.002221	1e-05	1e-05	0.016067
NA19019	Luhya	0.850249	0.0802985	0.0429125	0.00928	0.0044055	1e-05	1e-05	0.0128345
NA19044	Luhya	0.8508455	0.080486	0.0424635	0.0026715	0.0001465	1e-05	0.001781	0.021596
NA19026	Luhya	0.8682645	0.074685	0.0229	0.00163	1e-05	1e-05	0.0028665	0.0296345
NA19023	Luhya	0.8732205	0.068294	0.0416425	1e-05	0.0043245	0.002666	0.0018425	0.008
NA19017	Luhya	0.8736205	0.068707	0.0409075	0.0025615	0.0003485	0.0022495	0.0037245	0.0078815
Ayodo_438C	Luo	0.842563	0.09082	0.0372635	1e-05	1e-05	1e-05	0.018386	0.010938
Ayodo_604C	Luo	0.843927	0.0857175	0.0462595	1e-05	1e-05	1e-05	0.00928	0.0147855
Ayodo_460C	Luo	0.850543	0.0821685	0.0443915	1e-05	0.011329	0.0019835	0.004794	0.0047795
Ayodo_423C	Luo	0.853387	0.073077	0.0509	1e-05	0.003915	0.0024595	0.00132	0.014932
Ayodo_502C	Luo	0.854241	0.111809	0.016085	0.003653	0.002406	0.0021775	0.003689	0.00594
Ayodo_430C	Luo	0.85876	0.097542	0.026645	0.000681	0.0019345	0.0115215	0.002906	1e-05
Ayodo_412C	Luo	0.861139	0.079048	0.0438125	0.0076755	0.0003975	1e-05	0.0055855	0.002333
Ayodo_458C	Luo	0.8672515	0.0787275	0.0392465	0.0015165	1e-05	0.0006555	0.0074135	0.0051795
HGDP01418	BantuKenya	0.853363	0.084857	0.0324715	0.0041545	0.002167	0.0082365	0.0036545	0.0110965
HGDP01417	BantuKenya	0.8688665	0.076544	0.0304405	0.0024795	0.00071	1e-05	1e-05	0.02094
HGDP01408	BantuKenya	0.8717645	0.0763225	0.026605	0.001308	0.0042945	1e-05	0.0055485	0.014147
HGDP01419	BantuKenya	0.8744375	0.07173	0.035865	0.001519	1e-05	0.0023165	0.004546	0.009577
HGDP01414	BantuKenya	0.892663	0.056357	0.029754	0.0016985	0.006083	0.005423	0.0026685	0.0053535
HGDP01405	BantuKenya	0.893368	0.0550385	0.035979	0.0012615	1e-05	0.0031395	0.002949	0.008255
DNK07	Dinka	0.751359	0.2202485	0.0008025	0.009547	1e-05	0.0014185	0.0166045	1e-05
DNK05	Dinka	0.752157	0.217009	0.003896	0.003846	0.0048585	0.008604	0.0096195	1e-05
DNK15	Dinka	0.7539805	0.2060695	0.008782	6.65e-05	0.006693	0.003615	0.020233	0.00056
DNK09	Dinka	0.7651515	0.198544	1e-05	1e-05	0.0043015	0.00891	0.0208825	0.0021905
DNK06	Dinka	0.767846	0.195671	1e-05	1.15e-05	0.0057525	0.00057	0.027345	0.002794
DNK03	Dinka	0.7688595	0.2028655	0.002136	0.0033145	1e-05	0.011634	0.0111705	1e-05
DNK11	Dinka	0.7701595	0.1901765	0.011992	0.0027025	0.000595	0.005391	0.0148925	0.004091
HG02573	Gambian	0.9314815	0.026815	0.0152485	0.002766	2.1e-05	1e-05	0.0024065	0.0212515
HG02574	Gambian	0.9315045	0.0163975	0.0045425	0.0010655	1e-05	1e-05	1e-05	0.04646
HG02465	Gambian	0.943602	0.0341215	0.0166055	0.002484	1e-05	1e-05	0.002844	0.000323
HG02571	Gambian	0.944244	0.029571	0.0120335	1e-05	1e-05	0.0029495	0.007015	0.004167
HG02570	Gambian	0.95166	0.0169125	0.023178	0.004061	1e-05	1e-05	0.0024745	0.001694
HG02464	Gambian	0.9648925	0.018238	0.014035	1e-05	1e-05	1e-05	1e-05	0.0027945
HGDP01030	BantuSA	0.6646345	0.0014385	0.33359	0.000297	1e-05	1e-05	1e-05	1e-05
HGDP00993	BantuSA	0.728248	0.0261845	0.240801	1e-05	0.001871	1e-05	0.002866	1e-05
HGDP00994	BantuSA	0.7419125	0.0336835	0.224354	1e-05	1e-05	1e-05	1e-05	1e-05
HGDP01034	BantuSA	0.7483715	0.0306035	0.2152075	1e-05	0.000505	1e-05	0.0052825	1e-05
HGDP01033	BantuSA	0.806468	0.025073	0.164813	1e-05	1e-05	0.001567	0.002049	1e-05
HGDP01035	BantuSA	0.8829775	0.016888	0.1000845	1e-05	1e-05	1e-05	1e-05	1e-05
HGDP01031	BantuSA	0.911527	0.0136275	0.065772	1e-05	0.0024295	1e-05	0.0018375	0.0047865
HGDP01028	BantuSA	0.912007	0.0064325	0.074999	0.0009075	1e-05	0.004788	1e-05	0.000846
HG03072	Mende	0.9198785	0.011816	0.059896	1e-05	0.001699	1e-05	0.005726	0.0009645
HG03076	Mende	0.9363325	0.015531	0.041179	1e-05	0.000426	1e-05	0.0065015	1e-05
HG03057	Mende	0.9425175	0.019417	0.0368775	0.0011475	1e-05	1e-05	1e-05	1e-05
HG03052	Mende	0.94422	0.0010135	0.053386	0.0013405	1e-05	1e-05	1e-05	1e-05
HG03069	Mende	0.9454275	1e-05	0.051538	1e-05	1e-05	1e-05	0.0029845	1e-05
HG03097	Mende	0.948805	0.0077165	0.0434285	1e-05	1e-05	1e-05	1e-05	1e-05
HG03078	Mende	0.950205	0.0063915	0.037187	0.002248	0.003939	1e-05	1e-05	1e-05
HG03085	Mende	0.9533415	1e-05	0.0465365	1e-05	7.2e-05	1e-05	1e-05	1e-05
HGDP00905	Mandenka	0.9412005	0.0153295	0.0150815	0.005223	1e-05	1e-05	0.007799	0.0153465
HGDP00906	Mandenka	0.9438515	0.021233	0.0105075	0.0020675	0.0033185	1e-05	0.0052035	0.0138085
HGDP01200	Mandenka	0.9502565	0.021741	0.009674	0.0008955	7.85e-05	0.002914	1e-05	0.01443
HGDP00909	Mandenka	0.952731	0.018617	0.0186535	1e-05	1e-05	1e-05	0.0054785	0.00449
HGDP00915	Mandenka	0.9540925	0.009351	0.0050845	0.0026525	0.0026015	1e-05	0.007623	0.0185855
HGDP00910	Mandenka	0.9543565	0.01128	0.010138	4.45e-05	0.000933	1e-05	0.0035695	0.0196685
HGDP00917	Mandenka	0.954555	0.021938	1e-05	1e-05	0.0066115	0.003013	1e-05	0.013852
HGDP01283	Mandenka	0.9553785	0.01468	0.0055315	1e-05	1e-05	0.0011125	0.001059	0.0222185
HGDP00913	Mandenka	0.9594745	0.0177775	0.010172	1e-05	1e-05	1e-05	1e-05	0.0125365
HGDP01202	Mandenka	0.96238	0.01316	0.012919	0.000884	1e-05	0.0005525	0.003114	0.006981
HGDP01199	Mandenka	0.9625745	0.025699	0.001083	1e-05	1e-05	0.0038305	1e-05	0.006783
HGDP01286	Mandenka	0.965037	0.009387	0.0060855	1e-05	1e-05	1e-05	0.004475	0.014985
HGDP01284	Mandenka	0.9688025	0.0038945	0.0150775	1e-05	1e-05	1e-05	0.0121855	1e-05
HGDP00908	Mandenka	0.9710415	0.0089795	0.004783	0.0003695	0.000229	0.0040565	0.006057	0.0044835
HGDP00904	Mandenka	0.9755925	0.008358	0.004762	0.001004	0.0016445	0.001261	0.000165	0.007213
HGDP00907	Mandenka	0.975951	0.0063185	1e-05	1e-05	0.0073105	1e-05	0.0054745	0.0049155
HGDP00912	Mandenka	0.977008	0.008481	0.001786	0.0007815	1e-05	0.001788	0.0038515	0.0062935
NAM436	Wambo	0.9248205	0.0162595	0.057609	0.001271	1e-05	1e-05	1e-05	1e-05
NAM453	Wambo	0.932006	0.0080515	0.059893	1e-05	1e-05	1e-05	1e-05	1e-05
NAM434	Wambo	0.9344635	0.0084085	0.056718	1e-05	1e-05	1e-05	0.00037	1e-05
NAM088	Wambo	0.9361965	0.0135295	0.050224	1e-05	1e-05	1e-05	1e-05	1e-05
NAM331	Wambo	0.936581	0.006044	0.0573245	1e-05	1e-05	1e-05	1e-05	1e-05
HG02922	Esan	0.9773145	1e-05	0.0226255	1e-05	1e-05	1e-05	1e-05	1e-05
HG02974	Esan	0.981328	0.001009	0.016988	0.000635	1e-05	1e-05	1e-05	1e-05
HG02943	Esan	0.9849325	0.0030765	0.011941	1e-05	1e-05	1e-05	1e-05	1e-05
HG03109	Esan	0.985085	0.0010935	0.0125905	1e-05	1e-05	1e-05	0.0011905	1e-05
HG03108	Esan	0.9862275	0.009465	0.0042575	1e-05	1e-05	1e-05	1e-05	1e-05
HG03100	Esan	0.9918155	1e-05	0.0081245	1e-05	1e-05	1e-05	1e-05	1e-05
HG03099	Esan	0.9925505	1e-05	0.0073895	1e-05	1e-05	1e-05	1e-05	1e-05
HG02923	Esan	0.997827	1e-05	1e-05	1e-05	0.0019645	1e-05	0.0001585	1e-05
NA19159	Yoruba	0.9613995	0.0076415	0.0263955	0.0045235	1e-05	1e-05	1e-05	1e-05
NA19171	Yoruba	0.9727665	0.0166715	0.009059	0.001106	0.0003675	1e-05	1e-05	1e-05
NA18855	Yoruba	0.97416	0.0079415	0.01012	0.0031415	0.0019555	1e-05	0.001452	0.0012185
NA19238	Yoruba	0.9747025	0.0124975	0.0099315	1e-05	0.002828	1e-05	1e-05	1e-05
HGDP00931	Yoruba	0.974994	0.0153215	0.0042485	1e-05	0.005395	1e-05	1e-05	1e-05
NA18859	Yoruba	0.9774965	1e-05	0.018432	0.001694	0.0023375	1e-05	1e-05	1e-05
NA19144	Yoruba	0.9775385	1e-05	0.0193275	0.003084	1e-05	1e-05	1e-05	1e-05
NA19210	Yoruba	0.9778975	1e-05	0.0220425	1e-05	1e-05	1e-05	1e-05	1e-05
NA19116	Yoruba	0.978865	1e-05	0.0191305	0.0006255	0.001339	1e-05	1e-05	1e-05
NA19131	Yoruba	0.9789125	0.009016	0.0116535	1e-05	0.0003775	1e-05	1.05e-05	1e-05
NA19141	Yoruba	0.9794035	0.0054815	0.0084695	0.006606	1e-05	1e-05	1e-05	1e-05
HGDP00938	Yoruba	0.9799465	0.003842	0.0161435	1e-05	2.75e-05	1e-05	1e-05	1e-05
NA19193	Yoruba	0.98057	0.010982	0.0083985	1e-05	1e-05	1e-05	1e-05	1e-05
NA18861	Yoruba	0.981067	0.001897	0.014245	0.0020025	1e-05	1e-05	0.000758	1e-05
NA19093	Yoruba	0.98119	0.006268	0.0124915	1e-05	1e-05	1e-05	1e-05	1e-05
NA19128	Yoruba	0.9816805	0.0113435	0.0045605	0.001474	1e-05	1e-05	0.0009115	1e-05
NA18517	Yoruba	0.9816825	0.0054065	0.012861	1e-05	1e-05	1e-05	1e-05	1e-05
HGDP00926	Yoruba	0.981694	0.0019815	0.016275	1e-05	1e-05	1e-05	1e-05	1e-05
NA19137	Yoruba	0.983455	0.0038595	0.012545	0.0001005	1e-05	1e-05	1e-05	1e-05
HGDP00930	Yoruba	0.983678	0.0059435	0.0061175	1e-05	0.0006375	0.0035935	1e-05	1e-05
NA18508	Yoruba	0.983689	1e-05	0.016251	1e-05	1e-05	1e-05	1e-05	1e-05
NA18501	Yoruba	0.984198	0.0011315	0.012829	0.0018015	1e-05	1e-05	1e-05	1e-05
NA18522	Yoruba	0.984433	0.004945	0.0105725	1e-05	1e-05	1e-05	1e-05	1e-05
NA19223	Yoruba	0.9847455	1e-05	0.0151945	1e-05	1e-05	1e-05	1e-05	1e-05
NA18853	Yoruba	0.985411	0.003234	0.011305	1e-05	1e-05	1e-05	1e-05	1e-05
HGDP00925	Yoruba	0.986085	0.0033065	0.0086855	1e-05	0.0018825	1e-05	1e-05	1e-05
HGDP00942	Yoruba	0.9861255	0.0050615	0.008763	1e-05	1e-05	1e-05	1e-05	1e-05
HGDP00929	Yoruba	0.986127	1e-05	0.013813	1e-05	1e-05	1e-05	1e-05	1e-05
NA19239	Yoruba	0.9871485	1e-05	0.0127915	1e-05	1e-05	1e-05	1e-05	1e-05
HGDP00924	Yoruba	0.987169	0.000575	0.0087585	0.0031815	1e-05	0.0001615	1e-05	0.0001355
NA19203	Yoruba	0.9872025	1e-05	0.009553	0.002665	0.000539	1e-05	1e-05	1e-05
NA18858	Yoruba	0.9872805	0.0078035	0.0048655	1e-05	1e-05	1e-05	1e-05	1e-05
NA19138	Yoruba	0.9883765	1e-05	0.0115635	1e-05	1e-05	1e-05	1e-05	1e-05
NA19201	Yoruba	0.9885945	0.008502	0.0028535	1e-05	1e-05	1e-05	1e-05	1e-05
HGDP00932	Yoruba	0.988639	0.002705	0.0086065	1e-05	1e-05	1e-05	1e-05	1e-05
NA18507	Yoruba	0.988781	0.0008525	0.0093365	1e-05	0.00099	1e-05	1e-05	1e-05
NA19206	Yoruba	0.989097	1e-05	0.010843	1e-05	1e-05	1e-05	1e-05	1e-05
NA19207	Yoruba	0.989458	0.006375	0.003698	0.0004285	1e-05	1e-05	1e-05	1e-05
NA19101	Yoruba	0.9900815	1e-05	0.0098585	1e-05	1e-05	1e-05	1e-05	1e-05
HGDP00944	Yoruba	0.990143	0.003651	0.0037985	1e-05	0.00119	1e-05	4.35e-05	0.0011545
NA19209	Yoruba	0.990376	0.0001055	0.00937	1e-05	1e-05	1e-05	1e-05	0.000108
NA18505	Yoruba	0.9908575	0.0009255	0.008167	1e-05	1e-05	1e-05	1e-05	1e-05
NA18516	Yoruba	0.991283	0.003699	0.004968	1e-05	1e-05	1e-05	1e-05	1e-05
NA18504	Yoruba	0.9915115	0.00023	0.0082085	1e-05	1e-05	1e-05	1e-05	1e-05
NA19204	Yoruba	0.9915355	1e-05	0.006989	1e-05	1e-05	1e-05	1e-05	0.001426
HGDP00933	Yoruba	0.992201	0.007186	0.000563	1e-05	1e-05	1e-05	1e-05	1e-05
NA18870	Yoruba	0.9922975	1e-05	0.0076425	1e-05	1e-05	1e-05	1e-05	1e-05
HGDP00920	Yoruba	0.9924505	1e-05	0.0074895	1e-05	1e-05	1e-05	1e-05	1e-05
NA19160	Yoruba	0.9925075	0.005071	0.002372	1e-05	1e-05	1e-05	1e-05	1e-05
HGDP00939	Yoruba	0.992916	1e-05	1e-05	1e-05	0.0054345	1e-05	0.0015995	1e-05
HGDP00935	Yoruba	0.9930975	1e-05	0.0068425	1e-05	1e-05	1e-05	1e-05	1e-05
NA18862	Yoruba	0.993107	0.0027695	1e-05	0.0001935	1e-05	1e-05	0.00389	1e-05
HGDP00941	Yoruba	0.9932315	1e-05	0.0066925	1e-05	2.6e-05	1e-05	1e-05	1e-05
NA19222	Yoruba	0.99375	1e-05	0.00619	1e-05	1e-05	1e-05	1e-05	1e-05
NA19102	Yoruba	0.9943045	1e-05	0.0014075	1e-05	1e-05	0.000938	0.00331	1e-05
NA18871	Yoruba	0.9948945	1e-05	0.0050455	1e-05	1e-05	1e-05	1e-05	1e-05
HGDP00940	Yoruba	0.99513	1e-05	0.00481	1e-05	1e-05	1e-05	1e-05	1e-05
HGDP00943	Yoruba	0.9954795	0.0034635	0.001007	1e-05	1e-05	1e-05	1e-05	1e-05
HGDP00937	Yoruba	0.995698	1e-05	0.004242	1e-05	1e-05	1e-05	1e-05	1e-05
NA19098	Yoruba	0.9957495	0.0012885	0.000559	0.002363	1e-05	1e-05	1e-05	1e-05
NA19143	Yoruba	0.9957715	0.0033235	0.0008525	1e-05	1e-05	1e-05	1.25e-05	1e-05
NA19099	Yoruba	0.995936	1e-05	0.004004	1e-05	1e-05	1e-05	1e-05	1e-05
NA19119	Yoruba	0.997158	0.0025315	1e-05	1e-05	0.0002605	1e-05	1e-05	1e-05
NA19130	Yoruba	0.9975335	0.001634	1e-05	0.000783	1e-05	1e-05	1e-05	1e-05
HGDP00934	Yoruba	0.9977675	0.0009935	0.000801	0.000398	1e-05	1e-05	1e-05	1e-05
NA19127	Yoruba	0.9984565	0.0001815	0.001312	1e-05	1e-05	1e-05	1e-05	1e-05
NA18852	Yoruba	0.9986265	1e-05	1e-05	1e-05	0.0013135	1e-05	1e-05	1e-05
HGDP00936	Yoruba	0.9987325	1e-05	0.0012075	1e-05	1e-05	1e-05	1e-05	1e-05
NA18856	Yoruba	0.999059	1e-05	1.2e-05	0.0008785	1e-05	1e-05	1e-05	1e-05
HGDP00928	Yoruba	0.99993	1e-05	1e-05	1e-05	1e-05	1e-05	1e-05	1e-05
BOT6.154	Khwe	0.4870845	0.0608845	0.4220915	0.0010645	1e-05	0.0029445	0.0002625	0.025659
NAM179	Khwe	0.500906	0.081223	0.387079	0.0019665	1e-05	1e-05	1e-05	0.028795
NAM376	Khwe	0.5022945	0.0678705	0.400305	0.003365	1e-05	1e-05	0.004607	0.021538
BOT6.158	Khwe	0.5056855	0.0512145	0.416061	0.0051145	1e-05	0.0021715	0.0029075	0.0168355
NAM175	Khwe	0.5166105	0.0883945	0.3763775	1.5e-05	1e-05	1e-05	0.011812	0.006771
BOT6.160	Khwe	0.527936	0.0737185	0.3783325	1e-05	1e-05	1e-05	1.2e-05	0.019971
NAM167	Khwe	0.5314545	0.0516015	0.3872205	1e-05	1e-05	1e-05	1e-05	0.029684
NAM172	Khwe	0.53877	0.075538	0.357109	0.002976	0.002702	0.000807	0.0042425	0.017857
NAM424	Nama	0.453015	0.05177	0.406153	0.0071755	0.010149	1e-05	0.0225485	0.049179
NAM427	Nama	0.399408	0.0681255	0.469047	0.005444	0.002561	0.001463	0.003592	0.0503595
NAM448	Nama	0.140886	0.0690835	0.516004	0.0026475	0.0054565	0.006126	0.0302265	0.22957
NAM308	Nama	0.1105075	0.0931465	0.5614765	0.015529	0.007371	0.0093195	0.020705	0.1819445
NAM415	Nama	0.222331	0.0662025	0.5716685	0.0019235	0.0003655	1e-05	0.008785	0.128714
NAM412	Nama	0.241465	0.0860465	0.6067905	0.0006565	1.45e-05	1e-05	1e-05	0.065007
NAM304	Nama	0.0576305	0.06236	0.632316	0.0091765	0.0067625	0.002008	0.002743	0.227004
NAM444	Nama	0.1740705	0.094704	0.671109	0.0060295	0.00098	0.001766	0.0069505	0.044389
NAM442	Nama	0.039505	0.0947535	0.671957	0.0027835	0.0014255	0.0092455	0.0057585	0.174572
NAM429	Nama	0.1487435	0.0934455	0.6784735	0.006699	0.0022495	0.001345	0.0033115	0.065733
NAM299	Nama	0.0502685	0.1109635	0.706434	1e-05	0.0033225	0.002569	0.0011935	0.12524
NAM326	Nama	0.112849	0.0922465	0.7340465	0.0001125	1e-05	1e-05	0.0042255	0.0565005
NAM445	Nama	0.020786	0.11493	0.740295	0.0061295	0.001269	0.010916	1e-05	0.1056645
NAM317	Nama	0.040339	0.115772	0.7734525	0.000781	1e-05	1e-05	0.000793	0.0688425
NAM325	Nama	0.036224	0.104038	0.797326	0.0042295	1e-05	1e-05	1e-05	0.0581525
NAM321	Nama	0.004478	0.0878255	0.8348385	0.004414	1e-05	1e-05	1e-05	0.068414
BOT6.252	Shua	0.4211215	0.082266	0.45081	0.002007	1e-05	1e-05	1e-05	0.0437655
BOT6.200	Shua	0.475749	0.064611	0.4206325	1e-05	0.001398	0.004409	0.005323	0.027868
BOT6.245	Shua	0.4790365	0.079379	0.4069935	0.001776	1e-05	1e-05	1e-05	0.032785
BOT6.235	Shua	0.479926	0.072722	0.410249	1e-05	1e-05	1e-05	1e-05	0.037063
BOT6.222	Shua	0.4910675	0.080515	0.391997	0.004235	1e-05	0.001288	0.012952	0.0179365
BOT6.233	Shua	0.5028055	0.0609055	0.4137035	0.001945	1e-05	1e-05	1e-05	0.0206105
BOT6.196	Shua	0.527076	0.0723995	0.3582565	0.005282	1e-05	1e-05	1e-05	0.036956
BOT6.199	Shua	0.5450885	0.065099	0.3475205	1e-05	0.0026685	1e-05	1e-05	0.039593
BOT6.208	Shua	0.668411	0.035048	0.2806265	1.2e-05	1e-05	1e-05	0.0012375	0.0146445
BOT6.475	Tswana	0.6277845	0.0167775	0.355388	1e-05	1e-05	1e-05	1e-05	1e-05
BOT6.476	Tswana	0.6703425	0.0291135	0.3004935	1e-05	1e-05	1e-05	1e-05	1e-05
BOT6.460	Tswana	0.7240515	0.007676	0.2682225	1e-05	1e-05	1e-05	1e-05	1e-05
BOT6.413	Tswana	0.78002	0.0233285	0.1966015	1e-05	1e-05	1e-05	1e-05	1e-05
BOT6.417	Tswana	0.8263155	0.0264875	0.147147	1e-05	1e-05	1e-05	1e-05	1e-05
NAM209	Haiom	0.363812	0.103218	0.4636065	0.00229	0.002544	1e-05	1e-05	0.0645095
NAM217	Haiom	0.3954375	0.0751065	0.4831155	1e-05	1e-05	0.0027235	0.0014845	0.0421125
NAM232	Haiom	0.3896835	0.0807345	0.4876525	0.0084755	1e-05	1e-05	1e-05	0.0334235
NAM211	Haiom	0.335958	0.097484	0.511025	0.008554	1e-05	1e-05	0.0098625	0.0370965
NAM369	Haiom	0.3056845	0.0849715	0.5637115	0.007543	1e-05	1e-05	0.001894	0.036176
NAM371	Haiom	0.293271	0.079108	0.5881175	0.000805	1.2e-05	1e-05	0.0228355	0.015841
NAM370	Haiom	0.242709	0.075938	0.654766	1e-05	1.1e-05	1e-05	1e-05	0.0265455
NAM295	Himba	0.8837325	0.0225375	0.0932455	0.000445	1e-05	1e-05	1e-05	1e-05
NAM294	Himba	0.903133	0.0231125	0.0737045	1e-05	1e-05	1e-05	1e-05	1e-05
NAM401	Himba	0.907802	0.0046165	0.0872515	1e-05	0.00029	1e-05	1e-05	1e-05
NAM296	Himba	0.92557	0.0154125	0.058968	1e-05	1e-05	1e-05	1e-05	1e-05
NAM395	Damara	0.8166085	0.0100175	0.15474	0.0002405	0.0002595	0.000302	0.002649	0.015182
NAM277	Damara	0.8243305	0.0187605	0.1538155	1e-05	1e-05	1e-05	0.000219	0.0028445
NAM284	Damara	0.886955	0.0137295	0.0962075	9.35e-05	1e-05	1e-05	1e-05	0.0029845
NAM399	Damara	0.9025735	0.0201875	0.071853	0.005346	1e-05	1e-05	1e-05	1e-05
NAM452	Damara	0.91094	0.015316	0.0736895	1e-05	1e-05	1e-05	1.45e-05	1e-05
NAM259	Damara	0.915862	0.0214045	0.0613035	0.00139	1e-05	1e-05	1e-05	1e-05
NAM245	Damara	0.920794	0.0030805	0.0760755	1e-05	1e-05	1e-05	1e-05	1e-05
NAM268	Damara	0.9330215	0.006714	0.060215	1e-05	1e-05	1e-05	1e-05	1e-05
NAM262	Damara	0.933989	0.0120255	0.0539355	1e-05	1e-05	1e-05	1e-05	1e-05
NAM267	Damara	0.937033	0.0068905	0.0560265	1e-05	1e-05	1e-05	1e-05	1e-05
NAM410	Damara	0.9373785	0.000447	0.061279	0.000855	1e-05	1e-05	1e-05	1e-05
NAM246	Damara	0.941323	0.000877	0.0577495	1e-05	1e-05	1e-05	1e-05	1e-05
BOT6.004	Kgalagadi	0.4790735	0.010953	0.509924	1e-05	1e-05	1e-05	1e-05	1e-05
BOT6.566	Kgalagadi	0.57475	0.0194955	0.4057045	1e-05	1e-05	1e-05	1e-05	1e-05
KGA004	Kgalagadi	0.609545	0.020773	0.3696325	1e-05	1e-05	1e-05	1e-05	1e-05
KGA003	Kgalagadi	0.657868	0.017133	0.3249485	1e-05	1e-05	1e-05	1e-05	1e-05
KGA017	Kgalagadi	0.6798995	0.0180205	0.3020295	1e-05	1e-05	1e-05	1e-05	1e-05
Hadza006	Hadza	0.322546	0.6244795	0.0391845	1e-05	1e-05	1e-05	0.00423	0.00953
Hadza002	Hadza	0.319319	0.6385675	0.0420635	1e-05	1e-05	1e-05	1e-05	1e-05
Hadza013	Hadza	0.2761895	0.6475775	0.059345	1e-05	0.01024	1e-05	1e-05	0.006617
Hadza011	Hadza	0.2615025	0.661297	0.07233	0.0004505	1e-05	1e-05	1e-05	0.0043905
Hadza008	Hadza	0.24661	0.6929495	0.060391	1e-05	1e-05	1e-05	1e-05	1e-05
Hadza010	Hadza	0.2511995	0.699905	0.0488465	1e-05	1e-05	1e-05	1e-05	1e-05
Hadza012	Hadza	0.197345	0.737101	0.0643225	0.0011915	1e-05	1e-05	1e-05	1e-05
Hadza007	Hadza	0.179045	0.749777	0.0711285	1e-05	1e-05	1e-05	1e-05	1e-05
Hadza017	Hadza	0.1307245	0.785221	0.0840045	1e-05	1e-05	1e-05	1e-05	1e-05
Hadza003	Hadza	0.122755	0.8232975	0.0538975	1e-05	1e-05	1e-05	1e-05	1e-05
Hadza001	Hadza	0.102148	0.84487	0.052932	1e-05	1e-05	1e-05	1e-05	1e-05
Hadza018	Hadza	0.111477	0.8589255	0.0295475	1e-05	1e-05	1e-05	1e-05	1e-05
Bar04	Hadza	0.0734625	0.8614485	0.0650385	1e-05	1e-05	1e-05	1e-05	1e-05
Hadza004	Hadza	0.0656345	0.8630725	0.0712435	1e-05	1e-05	1e-05	1e-05	1e-05
Bar08	Hadza	1e-05	0.935294	0.064646	1e-05	1e-05	1e-05	1e-05	1e-05
Hadza019	Hadza	1e-05	0.9706595	0.0292805	1e-05	1e-05	1e-05	1e-05	1e-05
Bar13	Hadza	1e-05	0.9987535	0.0011865	1e-05	1e-05	1e-05	1e-05	1e-05
Bar10	Hadza	1e-05	0.9999295	1.05e-05	1e-05	1e-05	1e-05	1e-05	1e-05
End08	Hadza	1e-05	0.9999295	1.05e-05	1e-05	1e-05	1e-05	1e-05	1e-05
Hadza005	Hadza	1e-05	0.99993	1e-05	1e-05	1e-05	1e-05	1e-05	1e-05
Hadza016	Hadza	1e-05	0.99993	1e-05	1e-05	1e-05	1e-05	1e-05	1e-05
Hadza020	Hadza	1e-05	0.99993	1e-05	1e-05	1e-05	1e-05	1e-05	1e-05
SA083	Khomani	0.011256	0.075651	0.5842935	0.007706	0.010058	0.0118785	0.085349	0.213808
SA1004	Khomani	0.2478505	0.071821	0.593178	0.005203	0.0082365	0.0007595	0.010853	0.062099
SA064	Khomani	0.1137795	0.067081	0.632613	0.006478	0.020991	0.010092	0.029589	0.1193755
SA073	Khomani	0.1850005	0.055149	0.6568395	0.0123395	1e-05	0.0206775	0.0028715	0.067112
SA078	Khomani	0.0048795	0.0412385	0.66487	1e-05	0.0201665	0.015925	0.008453	0.2444575
SA1025	Khomani	0.188808	0.038694	0.73785	0.004402	1e-05	1e-05	0.0068295	0.0233965
SA018	Khomani	0.1496485	0.0662105	0.7840915	1e-05	1e-05	1e-05	1e-05	1e-05
SA063	Khomani	0.0753165	0.089835	0.797629	1e-05	1e-05	0.003347	1e-05	0.0338425
SA010	Khomani	0.107785	0.040496	0.85075	1e-05	1e-05	1e-05	1e-05	0.000929
SA047	Khomani	0.1103725	0.021247	0.8683305	1e-05	1e-05	1e-05	1e-05	1e-05
SA016	Khomani	0.0436145	0.031233	0.9251025	1e-05	1e-05	1e-05	1e-05	1e-05
BOT5.033	Gana	0.4381445	0.029154	0.5298195	1e-05	1e-05	1e-05	0.002811	4e-05
BOT5.036	Gana	0.4517125	0.014747	0.5334905	1e-05	1e-05	1e-05	1e-05	1e-05
BOT5.026	Gana	0.3973055	0.0335665	0.5658125	0.0006555	1e-05	1e-05	0.0015745	0.001066
BOT6.264	Gana	0.341495	0.0438645	0.605113	1e-05	1e-05	1e-05	0.0075065	0.0019905
BOT5.018	Gana	0.354162	0.040554	0.605234	1e-05	1e-05	1e-05	1e-05	1e-05
BOT6.258	Gana	0.2571845	0.068613	0.655368	9.4e-05	1e-05	1e-05	0.0027385	0.015982
BOT6.259	Gana	0.1918045	0.0523145	0.733884	1e-05	1e-05	0.0011585	0.0001525	0.020666
BOT5.034	Gana	0.1437845	0.053698	0.7942085	0.0022775	1e-05	1e-05	0.003807	0.0022045
BOT6.280	Tshwa	0.3868195	0.0604655	0.5455945	0.002202	0.0030725	1e-05	1e-05	0.001826
BOT6.274	Tshwa	0.3509535	0.0669995	0.561158	1e-05	0.0010175	0.0027075	0.003228	0.013926
BOT6.279	Tshwa	0.3613915	0.0566295	0.571865	0.0003595	1e-05	1e-05	0.0056745	0.00406
BOT6.278	Tshwa	0.372029	0.04831	0.573376	9.95e-05	0.002674	1e-05	0.000421	0.0030805
BOT6.292	Tshwa	0.223843	0.063141	0.6996175	0.001617	1e-05	0.000664	1e-05	0.0110975
HGDP00458	Biaka	0.65238	0.0178965	0.3296735	1e-05	1e-05	1e-05	1e-05	1e-05
HGDP00461	Biaka	0.653649	0.007892	0.338409	1e-05	1e-05	1e-05	1e-05	1e-05
HGDP00473	Biaka	0.654592	0.027064	0.3169845	0.0013195	1e-05	1e-05	1e-05	1e-05
HGDP00469	Biaka	0.655495	0.0270475	0.317408	1e-05	1e-05	1e-05	1e-05	1e-05
HGDP00455	Biaka	0.6555385	0.020063	0.3243215	1e-05	3.7e-05	1e-05	1e-05	1e-05
HGDP01086	Biaka	0.66055	0.012864	0.3232895	0.000979	0.0022585	1e-05	3.95e-05	1e-05
HGDP00985	Biaka	0.6610795	0.024436	0.3144345	1e-05	1e-05	1e-05	1e-05	1e-05
HGDP01094	Biaka	0.664249	0.020106	0.3155955	1e-05	1e-05	1e-05	1e-05	1e-05
HGDP00454	Biaka	0.664444	0.026864	0.3086415	1e-05	1e-05	1e-05	1e-05	1e-05
HGDP00466	Biaka	0.668697	0.017212	0.314041	1e-05	1e-05	1e-05	1e-05	1e-05
HGDP00465	Biaka	0.6688705	0.0123135	0.3187665	1e-05	1e-05	1e-05	1e-05	1e-05
HGDP00464	Biaka	0.668879	0.017972	0.3130985	1e-05	1e-05	1e-05	1e-05	1e-05
HGDP00459	Biaka	0.6694985	0.021551	0.3089005	1e-05	1e-05	1e-05	1e-05	1e-05
HGDP00475	Biaka	0.6745945	0.0188565	0.306499	1e-05	1e-05	1e-05	1e-05	1e-05
HGDP00460	Biaka	0.6750955	0.0295485	0.2953055	1e-05	1e-05	1e-05	1e-05	1e-05
HGDP01090	Biaka	0.678993	0.0083715	0.3125855	1e-05	1e-05	1e-05	1e-05	1e-05
HGDP00457	Biaka	0.6790115	0.0192895	0.3016485	1e-05	1e-05	1e-05	1e-05	1e-05
HGDP00470	Biaka	0.680449	0.0128705	0.3066305	1e-05	1e-05	1e-05	1e-05	1e-05
HGDP00986	Biaka	0.683287	0.0184535	0.29821	1e-05	1e-05	1e-05	1e-05	1e-05
HGDP00472	Biaka	0.6871665	0.0157175	0.293178	0.002651	1e-05	0.0012575	1e-05	1e-05
NAM120	Xuun	0.2361115	0.066862	0.678783	0.004172	1e-05	1e-05	0.003965	0.010086
NAM118	Xuun	0.2371275	0.0639145	0.691767	0.0012685	1e-05	1e-05	0.0017655	0.004137
NAM190	Xuun	0.247126	0.0512375	0.7015855	1e-05	1.1e-05	1e-05	1e-05	1e-05
NAM159	Xuun	0.253081	0.0429765	0.703364	1e-05	1e-05	1e-05	0.000538	1e-05
NAM109	Xuun	0.188422	0.0744745	0.7250535	0.001124	1e-05	0.0008225	0.004184	0.005909
NAM201	Xuun	0.155962	0.0725195	0.7584765	1e-05	1e-05	0.005622	1e-05	0.00739
NAM107	Xuun	0.1725685	0.0572035	0.7606955	0.000556	1e-05	0.0026245	1.1e-05	0.0063315
NAM191	Xuun	0.191595	0.037363	0.7672745	0.0028315	0.0009055	1e-05	1e-05	1e-05
NAM361	Xuun	0.1537755	0.0617445	0.7792515	1e-05	1e-05	0.005188	1e-05	1e-05
NAM188	Xuun	0.1662415	0.0530225	0.780684	1e-05	1e-05	1e-05	1e-05	1.15e-05
NAM129	Xuun	0.108777	0.072153	0.807881	1e-05	0.000886	0.0035905	0.005373	0.0013295
NAM119	Xuun	0.1264005	0.0458855	0.81464	0.0024435	1e-05	1e-05	0.0004535	0.010157
NAM115	Xuun	0.111492	0.063449	0.8155545	1e-05	1e-05	0.003301	0.0001565	0.006027
BOT3.014	Hoan	0.2899285	0.0513855	0.658636	1e-05	1e-05	1e-05	1e-05	1e-05
BOT3.005	Hoan	0.2649595	0.031229	0.70328	1e-05	0.000491	1e-05	1e-05	1e-05
BOT3.013	Hoan	0.260493	0.0254795	0.7139785	1e-05	1e-05	1e-05	1e-05	1e-05
BOT3.006	Hoan	0.137936	0.043085	0.809839	1e-05	1e-05	1e-05	0.0084775	0.0006325
BOT2.004	Hoan	0.138814	0.0464465	0.809956	0.00219	1e-05	1e-05	0.0025635	1e-05
BOT3.012	Hoan	0.1154365	0.0453035	0.8392105	1e-05	1e-05	1e-05	1e-05	1e-05
BOT3.001	Hoan	0.053679	0.051801	0.89447	1e-05	1e-05	1e-05	1e-05	1e-05
HGDP00449	Mbuti	0.470287	0.08594	0.4437225	1e-05	1e-05	1e-05	1e-05	1e-05
HGDP00462	Mbuti	0.472537	0.085762	0.441651	1e-05	1e-05	1e-05	1e-05	1e-05
HGDP00478	Mbuti	0.473391	0.0730695	0.4534895	1e-05	1e-05	1e-05	1e-05	1e-05
HGDP00474	Mbuti	0.476182	0.07913	0.443909	0.000738	1e-05	1.1e-05	1e-05	1e-05
HGDP00467	Mbuti	0.481463	0.0747695	0.4437175	1e-05	1e-05	1e-05	1e-05	1e-05
HGDP00982	Mbuti	0.487348	0.0763685	0.436234	1e-05	1e-05	1e-05	1e-05	1e-05
HGDP00476	Mbuti	0.4938425	0.069947	0.436161	1e-05	1e-05	1e-05	1e-05	1e-05
HGDP01081	Mbuti	0.493923	0.069481	0.436546	1e-05	1e-05	1e-05	1e-05	1e-05
HGDP00463	Mbuti	0.4944045	0.0680675	0.437303	1e-05	1e-05	0.0001855	1e-05	1e-05
HGDP00984	Mbuti	0.500275	0.0625865	0.437089	1e-05	1e-05	1e-05	1e-05	1e-05
BOT6.081	Naro	0.033434	0.0725035	0.890452	1e-05	1e-05	1e-05	1e-05	0.00357
BOT6.089	Naro	0.0174665	0.074523	0.892153	1e-05	1e-05	1e-05	0.006964	0.008863
BOT6.120	Naro	0.0452445	0.044364	0.8948435	1e-05	0.001079	0.0032295	0.0010645	0.010165
BOT5.014	Naro	0.0069115	0.070336	0.919068	1e-05	1e-05	0.0015165	1e-05	0.002138
BOT6.046	Naro	0.01249	0.066081	0.92007	0.000604	1e-05	1e-05	1e-05	0.000725
BOT6.105	Naro	0.0191025	0.047295	0.9269505	1e-05	1e-05	1e-05	1e-05	0.0066115
BOT6.117	Naro	1e-05	0.060678	0.9339735	0.0034065	1e-05	1e-05	0.0019015	1e-05
BOT6.041	Naro	0.010803	0.0503645	0.938041	1e-05	1.75e-05	1e-05	1e-05	0.000744
BOT2.003	Taa_East	0.181165	0.0303575	0.7884275	1e-05	1e-05	1e-05	1e-05	1e-05
BOT6.001	Taa_East	0.156617	0.0309795	0.8123535	1e-05	1e-05	1e-05	1e-05	1e-05
BOT2.007	Taa_East	0.144111	0.036994	0.8188445	1e-05	1e-05	1e-05	1e-05	1e-05
BOT6.016	Taa_East	0.132471	0.027325	0.840154	1e-05	1e-05	1e-05	1e-05	1e-05
BOT6.010	Taa_East	0.0989415	0.045611	0.8553975	1e-05	1e-05	1e-05	1e-05	1e-05
BOT6.022	Taa_East	0.0691995	0.0426085	0.888142	1e-05	1e-05	1e-05	1e-05	1e-05
BOT6.018	Taa_East	0.0747355	0.028389	0.8968255	1e-05	1e-05	1e-05	1e-05	1e-05
BOT5.003	Gui	0.1165205	0.0408975	0.8269375	0.0009015	0.0010675	1e-05	0.005432	0.0082335
BOT5.002	Gui	0.030943	0.0634375	0.885434	0.00093	1e-05	1e-05	0.0016065	0.017629
BOT5.037	Gui	0.030774	0.063063	0.8907455	0.001237	0.0021385	0.0022155	0.0011825	0.008644
